# Chunk-averaged data for fix favg and group all
# Timestep Number-of-chunks Total-count
# Chunk Coord1 Ncount temp
40000 58 33660
  1 0.00871175 800 0.00211756
  2 0.0261352 400.99 0.720525
  3 0.0435587 797.01 310.257
  4 0.0609822 798 309.452
  5 0.0784057 796.99 309.182
  6 0.0958292 416.6 310.934
  7 0.113253 402.13 311.179
  8 0.130676 792.36 309.524
  9 0.1481 790.92 310.195
  10 0.165523 793.13 310.575
  11 0.182947 414.39 311.06
  12 0.20037 599.66 311.55
  13 0.217794 601.1 309.249
  14 0.235217 795.59 306.962
  15 0.252641 791.45 306.104
  16 0.270064 649.89 308.449
  17 0.287488 507.63 307.524
  18 0.304911 445.73 307.276
  19 0.322335 406.43 307.857
  20 0.339758 355.17 291.164
  21 0.357182 375.19 283.996
  22 0.374605 711.64 293.142
  23 0.392029 722 288.922
  24 0.409452 721.99 285.73
  25 0.426876 361.01 289.444
  26 0.444299 362.01 286.228
  27 0.461723 721.99 282.731
  28 0.479146 722 288.715
  29 0.49657 719.82 286.227
  30 0.513993 362.35 290.667
  31 0.531417 361.33 280.522
  32 0.54884 722.5 287.08
  33 0.566263 722 286.969
  34 0.583687 720 290.271
  35 0.60111 362.99 289.926
  36 0.618534 361.63 284.129
  37 0.635957 722.38 290.524
  38 0.653381 722 291.593
  39 0.670804 721.94 292.454
  40 0.688228 361.06 291.035
  41 0.705651 361.02 291.922
  42 0.723075 721.98 289.896
  43 0.740498 722 293.433
  44 0.757922 722 290.092
  45 0.775345 361 291.602
  46 0.792769 389.52 288.234
  47 0.810192 693.48 290.871
  48 0.827616 722 291.817
  49 0.845039 722 291.11
  50 0.862463 361 291.766
  51 0.879886 362.43 292.147
  52 0.89731 720.57 290.617
  53 0.914733 722 290.472
  54 0.932157 722 290.953
  55 0.94958 361 284.395
  56 0.967004 361 0.0283984
  57 0.984427 722 67.4461
  58 1.00185 0 0
80000 58 33660
  1 0.00871175 800 0.00211756
  2 0.0261352 401 0.813837
  3 0.0435587 797 311.268
  4 0.0609822 798 312.06
  5 0.0784057 796.93 309.402
  6 0.0958292 416.93 310.824
  7 0.113253 401.89 308.062
  8 0.130676 792.33 309.837
  9 0.1481 790.9 308.029
  10 0.165523 793.18 307.832
  11 0.182947 414.31 308.662
  12 0.20037 596 310.546
  13 0.217794 604.69 308.895
  14 0.235217 795.69 306.856
  15 0.252641 791.48 310.982
  16 0.270064 646.05 310.606
  17 0.287488 510.64 310.283
  18 0.304911 446.48 310.743
  19 0.322335 406.5 309.332
  20 0.339758 354.93 288.479
  21 0.357182 374.08 289.894
  22 0.374605 712.99 289.37
  23 0.392029 722 292.03
  24 0.409452 721.99 285.717
  25 0.426876 361.01 286.613
  26 0.444299 362.02 292.651
  27 0.461723 721.98 287.073
  28 0.479146 722 283.585
  29 0.49657 719.7 288.745
  30 0.513993 362.32 289.638
  31 0.531417 361.28 288.891
  32 0.54884 722.69 289.885
  33 0.566263 722.01 286.769
  34 0.583687 719.78 285.093
  35 0.60111 363.22 285.826
  36 0.618534 361.52 281.624
  37 0.635957 722.48 287.392
  38 0.653381 722 288.691
  39 0.670804 721.88 293.179
  40 0.688228 361.12 287.651
  41 0.705651 361 287.14
  42 0.723075 722 286.263
  43 0.740498 722 292.019
  44 0.757922 722 292.591
  45 0.775345 361 288.435
  46 0.792769 387.86 285.86
  47 0.810192 695.14 288.63
  48 0.827616 722 290.255
  49 0.845039 722 289.226
  50 0.862463 361 290.097
  51 0.879886 362.45 289.458
  52 0.89731 720.55 289.595
  53 0.914733 722 290.244
  54 0.932157 722 290.317
  55 0.94958 361 294.335
  56 0.967004 361 0.0283984
  57 0.984427 722 67.4461
  58 1.00185 0 0
120000 58 33660
  1 0.00871175 800 0.00211756
  2 0.0261352 401 0.784252
  3 0.0435587 797 310.19
  4 0.0609822 798 312.913
  5 0.0784057 796.93 311.403
  6 0.0958292 417.01 311.095
  7 0.113253 401.81 309.563
  8 0.130676 792.34 310.834
  9 0.1481 790.92 308.854
  10 0.165523 792.81 309.933
  11 0.182947 414.78 310.619
  12 0.20037 594.08 310.141
  13 0.217794 606.62 309.032
  14 0.235217 795.53 307.774
  15 0.252641 791.56 307.203
  16 0.270064 647.45 307.825
  17 0.287488 509.11 309.264
  18 0.304911 446.57 308.672
  19 0.322335 406.48 309.603
  20 0.339758 355.09 293.993
  21 0.357182 374.9 289.868
  22 0.374605 712.01 292.048
  23 0.392029 722 293.874
  24 0.409452 721.98 291.679
  25 0.426876 361.02 291.48
  26 0.444299 362.02 290.607
  27 0.461723 721.98 292.989
  28 0.479146 722 289.579
  29 0.49657 719.77 287.702
  30 0.513993 362.23 287.922
  31 0.531417 361.6 284.537
  32 0.54884 722.4 287.867
  33 0.566263 722 289.891
  34 0.583687 720.18 289.697
  35 0.60111 362.82 288.269
  36 0.618534 361.55 285.809
  37 0.635957 722.45 288.702
  38 0.653381 722 288.182
  39 0.670804 721.92 291.65
  40 0.688228 361.08 287.946
  41 0.705651 361.01 280.424
  42 0.723075 721.99 286.582
  43 0.740498 722 289.549
  44 0.757922 722 289.563
  45 0.775345 361 291.714
  46 0.792769 390.24 290.137
  47 0.810192 692.76 290.266
  48 0.827616 722 288.501
  49 0.845039 722 290.596
  50 0.862463 361 290.157
  51 0.879886 362.5 288.867
  52 0.89731 720.5 290.387
  53 0.914733 722 288.078
  54 0.932157 722 289.193
  55 0.94958 361 295.936
  56 0.967004 361 0.0283984
  57 0.984427 722 67.4461
  58 1.00185 0 0
160000 58 33660
  1 0.00871175 800 0.00211756
  2 0.0261352 401 0.816711
  3 0.0435587 797 309.506
  4 0.0609822 798 310.232
  5 0.0784057 797.13 311.171
  6 0.0958292 416.64 311.702
  7 0.113253 402.1 311.124
  8 0.130676 792.27 309.623
  9 0.1481 790.84 310.537
  10 0.165523 793.37 312.271
  11 0.182947 414.2 312.048
  12 0.20037 599.13 310.705
  13 0.217794 601.52 309.411
  14 0.235217 795.67 311.1
  15 0.252641 791.55 310.469
  16 0.270064 648.97 309.888
  17 0.287488 508.19 309.609
  18 0.304911 446.02 308.784
  19 0.322335 406.4 306.112
  20 0.339758 355.32 291.541
  21 0.357182 375.34 289.186
  22 0.374605 711.34 293.718
  23 0.392029 722 292.215
  24 0.409452 721.98 295.847
  25 0.426876 361.02 293.728
  26 0.444299 362.03 289.518
  27 0.461723 721.97 289.639
  28 0.479146 722 291.296
  29 0.49657 719.81 292.482
  30 0.513993 362.19 292.08
  31 0.531417 361.38 284.815
  32 0.54884 722.62 291.639
  33 0.566263 722 291.101
  34 0.583687 719.76 290.644
  35 0.60111 363.23 290.315
  36 0.618534 361.42 284.776
  37 0.635957 722.59 289.416
  38 0.653381 722 289.458
  39 0.670804 721.91 291.049
  40 0.688228 361.09 290.578
  41 0.705651 361.01 293.901
  42 0.723075 721.99 289.144
  43 0.740498 722 287.655
  44 0.757922 722 289.252
  45 0.775345 361 289.9
  46 0.792769 386.18 290.549
  47 0.810192 696.82 289.275
  48 0.827616 722 289.73
  49 0.845039 722 288.679
  50 0.862463 361 292.112
  51 0.879886 362.28 288.575
  52 0.89731 720.72 290.789
  53 0.914733 722 290.605
  54 0.932157 722 290.153
  55 0.94958 361 294.558
  56 0.967004 361 0.0283984
  57 0.984427 722 67.4461
  58 1.00185 0 0
200000 58 33660
  1 0.00871175 800 0.00211756
  2 0.0261352 401 0.84991
  3 0.0435587 797 310.066
  4 0.0609822 798 310.364
  5 0.0784057 797.13 311.137
  6 0.0958292 416.68 308.64
  7 0.113253 402.01 311.182
  8 0.130676 792.22 311.232
  9 0.1481 790.98 307.711
  10 0.165523 793.18 310.871
  11 0.182947 414.45 311.368
  12 0.20037 602.68 309.951
  13 0.217794 597.82 309.926
  14 0.235217 795.75 311.161
  15 0.252641 791.42 310.888
  16 0.270064 650.53 313.711
  17 0.287488 507.69 311.618
  18 0.304911 444.97 311.747
  19 0.322335 406.49 315.713
  20 0.339758 355.4 293.392
  21 0.357182 375.84 288.778
  22 0.374605 710.76 297.595
  23 0.392029 722 296.369
  24 0.409452 722 295.131
  25 0.426876 361 290.779
  26 0.444299 362.03 293.411
  27 0.461723 721.97 287.481
  28 0.479146 722 288.675
  29 0.49657 719.69 290.804
  30 0.513993 362.36 291.445
  31 0.531417 361.25 289.829
  32 0.54884 722.7 294.12
  33 0.566263 722 295.481
  34 0.583687 719.91 292.48
  35 0.60111 363.09 288.873
  36 0.618534 361.53 295.92
  37 0.635957 722.47 293.822
  38 0.653381 722 289.218
  39 0.670804 721.96 290.814
  40 0.688228 361.04 292.728
  41 0.705651 361 290.351
  42 0.723075 722 294.129
  43 0.740498 722 292.554
  44 0.757922 722 292.955
  45 0.775345 361 290.697
  46 0.792769 389.25 290.656
  47 0.810192 693.75 290.599
  48 0.827616 722 290.629
  49 0.845039 722 290.252
  50 0.862463 361 291.927
  51 0.879886 362.18 290.104
  52 0.89731 720.82 290.03
  53 0.914733 722 290.584
  54 0.932157 722 291.952
  55 0.94958 361 284.837
  56 0.967004 361 0.0283984
  57 0.984427 722 67.4461
  58 1.00185 0 0
240000 58 33660
  1 0.00871175 800 0.00211756
  2 0.0261352 400.99 0.680605
  3 0.0435587 797.01 311.095
  4 0.0609822 798 311.464
  5 0.0784057 796.93 309.322
  6 0.0958292 417.1 308.925
  7 0.113253 401.7 312.167
  8 0.130676 792.41 311.887
  9 0.1481 790.86 310.675
  10 0.165523 793.17 309.933
  11 0.182947 414.41 310.166
  12 0.20037 600.78 310.041
  13 0.217794 599.82 311.239
  14 0.235217 795.65 309.345
  15 0.252641 791.57 309.347
  16 0.270064 649.97 308.575
  17 0.287488 507.52 307.607
  18 0.304911 445.94 305.967
  19 0.322335 406.17 311.23
  20 0.339758 355.59 293.212
  21 0.357182 375.5 295.534
  22 0.374605 710.91 293.572
  23 0.392029 722 296.189
  24 0.409452 721.96 293.828
  25 0.426876 361.04 291.186
  26 0.444299 362.02 290.929
  27 0.461723 721.98 292.262
  28 0.479146 722 293.191
  29 0.49657 719.93 292.445
  30 0.513993 362.16 293.882
  31 0.531417 361.49 287.197
  32 0.54884 722.41 290.171
  33 0.566263 722.01 290.248
  34 0.583687 720 290.215
  35 0.60111 363 289.25
  36 0.618534 361.58 298.05
  37 0.635957 722.42 293.767
  38 0.653381 722 292.099
  39 0.670804 721.9 293.64
  40 0.688228 361.1 293.737
  41 0.705651 361 291.724
  42 0.723075 722 287.985
  43 0.740498 722 292.514
  44 0.757922 722 293.697
  45 0.775345 361 288.108
  46 0.792769 389.54 289.785
  47 0.810192 693.46 289.293
  48 0.827616 722 289.158
  49 0.845039 722 291.24
  50 0.862463 361 287.329
  51 0.879886 362.34 290.843
  52 0.89731 720.66 291.367
  53 0.914733 722 289.362
  54 0.932157 722 289.281
  55 0.94958 361 286.015
  56 0.967004 361 0.0283984
  57 0.984427 722 67.4461
  58 1.00185 0 0
280000 58 33660
  1 0.00871175 800 0.00211756
  2 0.0261352 400.99 0.827386
  3 0.0435587 797.01 313.275
  4 0.0609822 798 310.728
  5 0.0784057 796.95 310.819
  6 0.0958292 416.87 311.661
  7 0.113253 401.86 311.022
  8 0.130676 792.49 310.231
  9 0.1481 790.83 309.64
  10 0.165523 793.24 310.079
  11 0.182947 414.34 310.862
  12 0.20037 594.63 309.028
  13 0.217794 605.93 310.214
  14 0.235217 795.63 309.838
  15 0.252641 791.54 309.864
  16 0.270064 646.25 308.318
  17 0.287488 510.24 308.483
  18 0.304911 446.78 308.386
  19 0.322335 406.42 306.523
  20 0.339758 355.44 297.162
  21 0.357182 374.65 299.707
  22 0.374605 711.91 298.542
  23 0.392029 722 291.624
  24 0.409452 721.99 292.106
  25 0.426876 361.01 295.227
  26 0.444299 362.02 299.218
  27 0.461723 721.98 289.206
  28 0.479146 722 290.745
  29 0.49657 719.73 292.3
  30 0.513993 362.46 294.727
  31 0.531417 361.26 289.453
  32 0.54884 722.54 293.929
  33 0.566263 722.01 290.323
  34 0.583687 719.62 294.689
  35 0.60111 363.38 292.508
  36 0.618534 361.47 281.274
  37 0.635957 722.53 291.263
  38 0.653381 722 291.511
  39 0.670804 721.94 290.827
  40 0.688228 361.06 287.901
  41 0.705651 361 294.843
  42 0.723075 722 285.744
  43 0.740498 722 291.098
  44 0.757922 722 287.346
  45 0.775345 361 289.599
  46 0.792769 386.97 289.706
  47 0.810192 696.03 290.483
  48 0.827616 722 289.295
  49 0.845039 722 290.118
  50 0.862463 361 293.111
  51 0.879886 362.44 289.007
  52 0.89731 720.56 291.064
  53 0.914733 722 290.825
  54 0.932157 722 289.447
  55 0.94958 361 289.053
  56 0.967004 361 0.0283984
  57 0.984427 722 67.4461
  58 1.00185 0 0
320000 58 33660
  1 0.00871175 800 0.00211756
  2 0.0261352 400.99 0.671629
  3 0.0435587 797.01 307.275
  4 0.0609822 798 309.864
  5 0.0784057 797.07 308.293
  6 0.0958292 416.81 309.527
  7 0.113253 402.02 310.494
  8 0.130676 792.31 309.948
  9 0.1481 791.02 310.335
  10 0.165523 792.92 309.876
  11 0.182947 414.39 309.66
  12 0.20037 598.76 310.818
  13 0.217794 601.88 308.9
  14 0.235217 795.69 308.402
  15 0.252641 791.43 308.675
  16 0.270064 647.7 308.772
  17 0.287488 509.29 312.075
  18 0.304911 446.28 309.024
  19 0.322335 406.43 310.029
  20 0.339758 355.42 294.811
  21 0.357182 374.79 291.271
  22 0.374605 711.79 291.613
  23 0.392029 722 294.307
  24 0.409452 721.98 293.467
  25 0.426876 361.02 289.535
  26 0.444299 362.02 284.501
  27 0.461723 721.98 290.496
  28 0.479146 722 293.772
  29 0.49657 719.84 291.387
  30 0.513993 362.1 288.909
  31 0.531417 361.42 296.81
  32 0.54884 722.64 288.469
  33 0.566263 722 289.379
  34 0.583687 720.08 290.689
  35 0.60111 362.92 290.596
  36 0.618534 361.42 289.255
  37 0.635957 722.58 290.561
  38 0.653381 722 291.676
  39 0.670804 721.88 287.853
  40 0.688228 361.12 288.025
  41 0.705651 361.01 290.995
  42 0.723075 721.99 288.283
  43 0.740498 722 289.661
  44 0.757922 722 287.955
  45 0.775345 361 287.615
  46 0.792769 388.15 290.67
  47 0.810192 694.85 289.967
  48 0.827616 722 291.169
  49 0.845039 722 291.252
  50 0.862463 361 291.231
  51 0.879886 362.34 289.151
  52 0.89731 720.66 290.078
  53 0.914733 722 290.915
  54 0.932157 722 289.482
  55 0.94958 361 289.832
  56 0.967004 361 0.0283984
  57 0.984427 722 67.4461
  58 1.00185 0 0
360000 58 33660
  1 0.00871175 800 0.00211756
  2 0.0261352 400.99 0.734232
  3 0.0435587 797.01 309.807
  4 0.0609822 798 311.058
  5 0.0784057 797.14 306.576
  6 0.0958292 417.04 309.659
  7 0.113253 401.62 310.773
  8 0.130676 792.32 310.506
  9 0.1481 791.3 310.533
  10 0.165523 792.57 311.144
  11 0.182947 414.48 309.813
  12 0.20037 600.59 309.399
  13 0.217794 600.19 310.501
  14 0.235217 795.6 307.893
  15 0.252641 791.49 310.98
  16 0.270064 648.44 308.568
  17 0.287488 508.7 306.369
  18 0.304911 446.27 307.566
  19 0.322335 406.25 305.574
  20 0.339758 355.55 291.92
  21 0.357182 374.76 299.379
  22 0.374605 711.69 291.896
  23 0.392029 722 291.597
  24 0.409452 722 290.946
  25 0.426876 361 293.683
  26 0.444299 362.02 288.903
  27 0.461723 721.98 292.002
  28 0.479146 722 294.894
  29 0.49657 719.83 288.986
  30 0.513993 362.15 291.278
  31 0.531417 361.48 291.359
  32 0.54884 722.54 292.615
  33 0.566263 722 292.49
  34 0.583687 720.15 288.828
  35 0.60111 362.85 290.279
  36 0.618534 361.49 296.964
  37 0.635957 722.51 290.058
  38 0.653381 722 292.137
  39 0.670804 721.87 290.636
  40 0.688228 361.13 290.321
  41 0.705651 361 285.415
  42 0.723075 722 291.462
  43 0.740498 722 292.611
  44 0.757922 722 293.547
  45 0.775345 361 289.247
  46 0.792769 387.12 290.418
  47 0.810192 695.88 290.077
  48 0.827616 722 290.538
  49 0.845039 722 292.098
  50 0.862463 361 288.554
  51 0.879886 362.36 289.19
  52 0.89731 720.64 288.865
  53 0.914733 722 290.977
  54 0.932157 722 290.686
  55 0.94958 361 292.519
  56 0.967004 361 0.0283984
  57 0.984427 722 67.4461
  58 1.00185 0 0
400000 58 33660
  1 0.00871175 800 0.00211756
  2 0.0261352 400.99 0.771617
  3 0.0435587 797.01 309.571
  4 0.0609822 798 308.795
  5 0.0784057 796.98 310.969
  6 0.0958292 416.9 309.739
  7 0.113253 401.91 309.562
  8 0.130676 792.36 310.472
  9 0.1481 791.2 309.533
  10 0.165523 792.56 309.602
  11 0.182947 414.58 308.647
  12 0.20037 599.64 308.342
  13 0.217794 601.15 307.712
  14 0.235217 795.55 308.928
  15 0.252641 791.48 308.864
  16 0.270064 648.82 307.683
  17 0.287488 508.14 311.944
  18 0.304911 446.23 311.139
  19 0.322335 406.5 309.379
  20 0.339758 355.57 295.832
  21 0.357182 374.79 294.119
  22 0.374605 711.64 293.414
  23 0.392029 722 297.91
  24 0.409452 721.99 295.415
  25 0.426876 361.01 294.802
  26 0.444299 362 290.747
  27 0.461723 722 288.287
  28 0.479146 722 298.043
  29 0.49657 719.86 295.976
  30 0.513993 362.03 295.662
  31 0.531417 361.64 296.438
  32 0.54884 722.47 295.172
  33 0.566263 722 290.068
  34 0.583687 720.07 290.912
  35 0.60111 362.93 290.585
  36 0.618534 361.45 290.219
  37 0.635957 722.55 289.332
  38 0.653381 722 290.537
  39 0.670804 721.93 293.23
  40 0.688228 361.07 290.682
  41 0.705651 361.02 291.305
  42 0.723075 721.98 290.352
  43 0.740498 722 289.938
  44 0.757922 722 292.982
  45 0.775345 361 291.019
  46 0.792769 387 290.292
  47 0.810192 696 289.469
  48 0.827616 722 290.878
  49 0.845039 722 291.205
  50 0.862463 361 289.378
  51 0.879886 362.36 288.23
  52 0.89731 720.64 290.995
  53 0.914733 722 289.369
  54 0.932157 722 289.032
  55 0.94958 361 281.283
  56 0.967004 361 0.0283984
  57 0.984427 722 67.4461
  58 1.00185 0 0
440000 58 33660
  1 0.00871175 800 0.00211756
  2 0.0261352 401 0.800652
  3 0.0435587 797 311.852
  4 0.0609822 798 312.058
  5 0.0784057 797.09 309.044
  6 0.0958292 416.57 310.395
  7 0.113253 402.14 311.543
  8 0.130676 792.35 310.047
  9 0.1481 790.86 312.117
  10 0.165523 793.46 309.811
  11 0.182947 414.08 308.565
  12 0.20037 599.78 309.784
  13 0.217794 600.85 311.243
  14 0.235217 795.55 313.197
  15 0.252641 791.58 310.346
  16 0.270064 649.28 309.773
  17 0.287488 507.66 310.952
  18 0.304911 446.16 310.109
  19 0.322335 406.59 302.591
  20 0.339758 355.55 290.047
  21 0.357182 375.02 286.731
  22 0.374605 711.43 293.423
  23 0.392029 722 293.254
  24 0.409452 721.99 293.658
  25 0.426876 361.01 292.412
  26 0.444299 362.02 291.81
  27 0.461723 721.98 291.529
  28 0.479146 722 292.505
  29 0.49657 719.9 294.817
  30 0.513993 362.24 292.439
  31 0.531417 361.33 296.517
  32 0.54884 722.53 291.814
  33 0.566263 722 296.288
  34 0.583687 720.12 293.7
  35 0.60111 362.87 292.823
  36 0.618534 361.44 291.731
  37 0.635957 722.57 289.576
  38 0.653381 722 291.085
  39 0.670804 721.86 296.897
  40 0.688228 361.14 291.154
  41 0.705651 361.01 288.601
  42 0.723075 721.99 294.15
  43 0.740498 722 291.152
  44 0.757922 722 292.642
  45 0.775345 361 289.748
  46 0.792769 386.72 290.107
  47 0.810192 696.28 289.951
  48 0.827616 722 289.002
  49 0.845039 722 291.499
  50 0.862463 361 288.995
  51 0.879886 362.17 289.863
  52 0.89731 720.83 290.156
  53 0.914733 722 289.952
  54 0.932157 722 290.899
  55 0.94958 361 290.466
  56 0.967004 361 0.0283984
  57 0.984427 722 67.4461
  58 1.00185 0 0
480000 58 33660
  1 0.00871175 800 0.00211756
  2 0.0261352 401 0.731568
  3 0.0435587 797 310.129
  4 0.0609822 798 308.973
  5 0.0784057 796.97 310.514
  6 0.0958292 416.67 311.494
  7 0.113253 402.12 312.037
  8 0.130676 792.4 309.819
  9 0.1481 790.88 308.103
  10 0.165523 793.56 309.143
  11 0.182947 413.99 310.124
  12 0.20037 596.08 311.865
  13 0.217794 604.54 309.714
  14 0.235217 795.64 310.004
  15 0.252641 791.48 312.055
  16 0.270064 648.83 312.033
  17 0.287488 508.28 310.705
  18 0.304911 446.05 311.276
  19 0.322335 406.51 307.666
  20 0.339758 355.48 294.329
  21 0.357182 375.06 286.564
  22 0.374605 711.46 293.522
  23 0.392029 722 295.123
  24 0.409452 721.99 294.629
  25 0.426876 361.01 291.896
  26 0.444299 362 288.477
  27 0.461723 722 293.893
  28 0.479146 722 289.103
  29 0.49657 719.84 291.922
  30 0.513993 362.36 290.345
  31 0.531417 361.09 288.634
  32 0.54884 722.71 287.44
  33 0.566263 722 291.96
  34 0.583687 719.7 296.093
  35 0.60111 363.29 293.776
  36 0.618534 361.61 295.193
  37 0.635957 722.4 291.22
  38 0.653381 722 287.993
  39 0.670804 721.88 291.388
  40 0.688228 361.12 289.27
  41 0.705651 361 287.93
  42 0.723075 722 289.892
  43 0.740498 722 289.678
  44 0.757922 722 288.181
  45 0.775345 361 288.692
  46 0.792769 386.99 289.469
  47 0.810192 696.01 289.719
  48 0.827616 722 290.82
  49 0.845039 722 290.605
  50 0.862463 361 288.222
  51 0.879886 362.26 290.769
  52 0.89731 720.74 291.491
  53 0.914733 722 290.725
  54 0.932157 722 288.228
  55 0.94958 361 292.588
  56 0.967004 361 0.0283984
  57 0.984427 722 67.4461
  58 1.00185 0 0
520000 58 33660
  1 0.00871175 800 0.00211756
  2 0.0261352 401 0.694686
  3 0.0435587 797 311.355
  4 0.0609822 798 309.79
  5 0.0784057 796.81 309.381
  6 0.0958292 416.84 310.76
  7 0.113253 402.15 310.493
  8 0.130676 792.26 309.72
  9 0.1481 791.06 309.894
  10 0.165523 792.91 308.709
  11 0.182947 414.53 308.808
  12 0.20037 598.22 309.663
  13 0.217794 602.39 310.117
  14 0.235217 795.68 307.339
  15 0.252641 791.47 309.348
  16 0.270064 648.26 307.684
  17 0.287488 508.84 307.64
  18 0.304911 445.88 305.636
  19 0.322335 406.7 307.43
  20 0.339758 355.53 290.163
  21 0.357182 375.06 287.406
  22 0.374605 711.41 291.849
  23 0.392029 722 293.612
  24 0.409452 721.98 292.203
  25 0.426876 361.02 297.575
  26 0.444299 362.03 295.248
  27 0.461723 721.97 298.195
  28 0.479146 722 294.458
  29 0.49657 719.67 295.183
  30 0.513993 362.31 295.133
  31 0.531417 361.31 291.29
  32 0.54884 722.71 290.525
  33 0.566263 722 290.871
  34 0.583687 719.73 292.031
  35 0.60111 363.27 296.936
  36 0.618534 361.53 287.156
  37 0.635957 722.47 292.575
  38 0.653381 722 290.155
  39 0.670804 721.83 291.253
  40 0.688228 361.17 289.422
  41 0.705651 361 293.688
  42 0.723075 722 287.63
  43 0.740498 722 286.192
  44 0.757922 722 290.62
  45 0.775345 361 291.516
  46 0.792769 384.69 289.939
  47 0.810192 698.31 290.568
  48 0.827616 722 289.684
  49 0.845039 722 289.484
  50 0.862463 361 290.611
  51 0.879886 362.03 290.975
  52 0.89731 720.97 288.071
  53 0.914733 722 288.356
  54 0.932157 722 290.735
  55 0.94958 361 292.527
  56 0.967004 361 0.0283984
  57 0.984427 722 67.4461
  58 1.00185 0 0
560000 58 33660
  1 0.00871175 800 0.00211756
  2 0.0261352 400.99 0.801066
  3 0.0435587 797.01 309.914
  4 0.0609822 798 310.004
  5 0.0784057 797.19 310.484
  6 0.0958292 416.6 309.673
  7 0.113253 402.24 312.48
  8 0.130676 792.23 310.698
  9 0.1481 791.24 311.022
  10 0.165523 792.69 310.635
  11 0.182947 414.19 307.487
  12 0.20037 599.69 308.007
  13 0.217794 601.2 311.609
  14 0.235217 795.59 310.289
  15 0.252641 791.6 309.538
  16 0.270064 649.01 308.533
  17 0.287488 507.93 305.167
  18 0.304911 446.12 305.87
  19 0.322335 406.48 303.75
  20 0.339758 355.57 296.618
  21 0.357182 374.83 290.784
  22 0.374605 711.6 293.619
  23 0.392029 722 293.797
  24 0.409452 721.99 294.698
  25 0.426876 361.01 292.129
  26 0.444299 362.02 294.615
  27 0.461723 721.98 295.836
  28 0.479146 722 292.642
  29 0.49657 719.78 289.467
  30 0.513993 362.26 289.902
  31 0.531417 361.6 292.59
  32 0.54884 722.36 288.954
  33 0.566263 722 290.875
  34 0.583687 719.69 285.74
  35 0.60111 363.31 291.61
  36 0.618534 361.64 292.281
  37 0.635957 722.36 288.286
  38 0.653381 722 289.422
  39 0.670804 721.9 294.542
  40 0.688228 361.1 291.871
  41 0.705651 361.02 286.202
  42 0.723075 721.98 286.877
  43 0.740498 722 291.13
  44 0.757922 722 289.919
  45 0.775345 361 291.831
  46 0.792769 388.25 289.871
  47 0.810192 694.75 290.628
  48 0.827616 722 289.206
  49 0.845039 722 290.403
  50 0.862463 361 288.463
  51 0.879886 362.28 291.11
  52 0.89731 720.72 291.252
  53 0.914733 722 289.868
  54 0.932157 722 290.83
  55 0.94958 361 282.568
  56 0.967004 361 0.0283984
  57 0.984427 722 67.4461
  58 1.00185 0 0
600000 58 33660
  1 0.00871175 800 0.00211756
  2 0.0261352 400.99 0.753665
  3 0.0435587 797.01 309.92
  4 0.0609822 798 309.51
  5 0.0784057 797.14 310.404
  6 0.0958292 417.03 312.409
  7 0.113253 401.71 309.56
  8 0.130676 792.46 310.311
  9 0.1481 791.23 310.026
  10 0.165523 792.11 309.185
  11 0.182947 414.85 311.36
  12 0.20037 598.59 310.458
  13 0.217794 602.16 309.236
  14 0.235217 795.58 308.198
  15 0.252641 791.43 309.697
  16 0.270064 646.74 308.682
  17 0.287488 510.68 310.099
  18 0.304911 445.78 310.698
  19 0.322335 406.51 310.723
  20 0.339758 355.32 292.175
  21 0.357182 374.07 291.209
  22 0.374605 712.61 290.729
  23 0.392029 722 293.482
  24 0.409452 721.99 295.543
  25 0.426876 361.01 292.359
  26 0.444299 362 295.857
  27 0.461723 722 292.195
  28 0.479146 722 291.374
  29 0.49657 719.8 292.679
  30 0.513993 362.38 292.614
  31 0.531417 361.22 294.585
  32 0.54884 722.6 288.992
  33 0.566263 722 287.555
  34 0.583687 720.05 289.191
  35 0.60111 362.95 286.955
  36 0.618534 361.57 283.972
  37 0.635957 722.43 286.851
  38 0.653381 722 289.798
  39 0.670804 721.94 288.578
  40 0.688228 361.06 293.008
  41 0.705651 361 289.1
  42 0.723075 722 293.332
  43 0.740498 722 291.94
  44 0.757922 722 288.608
  45 0.775345 361 292.109
  46 0.792769 389.23 292.267
  47 0.810192 693.77 290.305
  48 0.827616 722 289.722
  49 0.845039 722 289.311
  50 0.862463 361 290.518
  51 0.879886 362.37 289.681
  52 0.89731 720.63 290.989
  53 0.914733 722 289.315
  54 0.932157 722 289.657
  55 0.94958 361 283.384
  56 0.967004 361 0.0283984
  57 0.984427 722 67.4461
  58 1.00185 0 0
640000 58 33660
  1 0.00871175 800 0.00211756
  2 0.0261352 401 0.752232
  3 0.0435587 797 310.15
  4 0.0609822 798 309.141
  5 0.0784057 797.05 309.88
  6 0.0958292 416.86 310.238
  7 0.113253 402.08 307.538
  8 0.130676 792.3 310.812
  9 0.1481 791.18 310.189
  10 0.165523 792.11 311.122
  11 0.182947 415.02 310.044
  12 0.20037 592.7 310.162
  13 0.217794 608.01 312.209
  14 0.235217 795.51 309.107
  15 0.252641 791.52 308.644
  16 0.270064 646.18 307.642
  17 0.287488 509.88 307.877
  18 0.304911 447.05 308.07
  19 0.322335 406.55 307.916
  20 0.339758 355.49 293.325
  21 0.357182 374.8 290.869
  22 0.374605 711.71 296.497
  23 0.392029 722 292.79
  24 0.409452 721.98 291.1
  25 0.426876 361.02 291.414
  26 0.444299 362.02 294.996
  27 0.461723 721.98 287.469
  28 0.479146 722 287.489
  29 0.49657 719.94 291.345
  30 0.513993 362.07 292.568
  31 0.531417 361.43 294.475
  32 0.54884 722.56 289.907
  33 0.566263 722 291.785
  34 0.583687 719.42 292.142
  35 0.60111 363.58 290.01
  36 0.618534 361.6 291.282
  37 0.635957 722.4 287.313
  38 0.653381 722 285.552
  39 0.670804 721.92 286.012
  40 0.688228 361.08 285.514
  41 0.705651 361 287.426
  42 0.723075 722 285.419
  43 0.740498 722 285.428
  44 0.757922 722 287.603
  45 0.775345 361 290.551
  46 0.792769 385.99 289.323
  47 0.810192 697.01 290.711
  48 0.827616 722 290.37
  49 0.845039 722 289.096
  50 0.862463 361 290.083
  51 0.879886 362.32 289.208
  52 0.89731 720.68 290.601
  53 0.914733 722 288.418
  54 0.932157 722 289.198
  55 0.94958 361 282.867
  56 0.967004 361 0.0283984
  57 0.984427 722 67.4461
  58 1.00185 0 0
680000 58 33660
  1 0.00871175 800 0.00211756
  2 0.0261352 401 0.728112
  3 0.0435587 797 309.747
  4 0.0609822 798 309.008
  5 0.0784057 797.23 309.88
  6 0.0958292 416.6 311.503
  7 0.113253 402.31 312.162
  8 0.130676 792.07 309.632
  9 0.1481 790.81 311.576
  10 0.165523 792.38 308.914
  11 0.182947 415.15 311.121
  12 0.20037 599.3 310.023
  13 0.217794 601.45 313.22
  14 0.235217 795.55 313.878
  15 0.252641 791.47 312.7
  16 0.270064 647.99 313.18
  17 0.287488 507.64 312.374
  18 0.304911 447.49 311.859
  19 0.322335 406.56 307.715
  20 0.339758 355.49 298.796
  21 0.357182 374.81 286.945
  22 0.374605 711.7 298.483
  23 0.392029 722 286.414
  24 0.409452 721.97 285.383
  25 0.426876 361.03 289.812
  26 0.444299 362 287.698
  27 0.461723 722 286.648
  28 0.479146 722 288.003
  29 0.49657 719.86 290.234
  30 0.513993 362.23 291.364
  31 0.531417 361.38 293.325
  32 0.54884 722.52 291.408
  33 0.566263 722.01 290.119
  34 0.583687 720.16 288.853
  35 0.60111 362.84 288.413
  36 0.618534 361.58 289.826
  37 0.635957 722.42 293.823
  38 0.653381 722 289.842
  39 0.670804 721.94 287.813
  40 0.688228 361.06 285.739
  41 0.705651 361.01 279.442
  42 0.723075 721.99 289.816
  43 0.740498 722 288.333
  44 0.757922 722 290.373
  45 0.775345 361 289.448
  46 0.792769 388.8 288.298
  47 0.810192 694.2 289.879
  48 0.827616 722 287.35
  49 0.845039 722 290.571
  50 0.862463 361 288.622
  51 0.879886 362.12 289.443
  52 0.89731 720.88 290.22
  53 0.914733 722 289.538
  54 0.932157 722 289.806
  55 0.94958 361 272.187
  56 0.967004 361 0.0283984
  57 0.984427 722 67.4461
  58 1.00185 0 0
720000 58 33660
  1 0.00871175 800 0.00211756
  2 0.0261352 401 0.717198
  3 0.0435587 797 311.937
  4 0.0609822 798 309.234
  5 0.0784057 797 310.095
  6 0.0958292 417.08 311.094
  7 0.113253 402.09 310.607
  8 0.130676 792.02 310.296
  9 0.1481 790.97 310.175
  10 0.165523 792.78 310.402
  11 0.182947 414.71 306.943
  12 0.20037 597.52 310.431
  13 0.217794 603.1 308.809
  14 0.235217 795.47 310.038
  15 0.252641 791.62 308.259
  16 0.270064 649.04 307.652
  17 0.287488 508.2 307.625
  18 0.304911 446.04 307.889
  19 0.322335 406.36 308.831
  20 0.339758 355.6 291.993
  21 0.357182 374.83 294.145
  22 0.374605 711.57 293.441
  23 0.392029 722 288.319
  24 0.409452 722 288.874
  25 0.426876 361 289.383
  26 0.444299 362.03 284.613
  27 0.461723 721.97 293.377
  28 0.479146 722 290.808
  29 0.49657 719.8 291.535
  30 0.513993 362.31 288.882
  31 0.531417 361.48 289.697
  32 0.54884 722.41 290.219
  33 0.566263 722 290.985
  34 0.583687 719.82 288.839
  35 0.60111 363.18 288.613
  36 0.618534 361.6 291.782
  37 0.635957 722.4 292.958
  38 0.653381 722 289.34
  39 0.670804 721.93 287.37
  40 0.688228 361.07 285.592
  41 0.705651 361 287.598
  42 0.723075 722 289.638
  43 0.740498 722 287.108
  44 0.757922 722 291.178
  45 0.775345 361 289.631
  46 0.792769 388.29 289.716
  47 0.810192 694.71 289.295
  48 0.827616 722 291.341
  49 0.845039 722 291.546
  50 0.862463 361 290.793
  51 0.879886 362.22 289.542
  52 0.89731 720.78 290.546
  53 0.914733 722 290.526
  54 0.932157 722 290.983
  55 0.94958 361 282.21
  56 0.967004 361 0.0283984
  57 0.984427 722 67.4461
  58 1.00185 0 0
760000 58 33660
  1 0.00871175 800 0.00211756
  2 0.0261352 401 0.729666
  3 0.0435587 797 309.525
  4 0.0609822 798 308.715
  5 0.0784057 796.98 309.472
  6 0.0958292 417.02 309.885
  7 0.113253 402.19 312.503
  8 0.130676 791.95 308.139
  9 0.1481 790.88 310.563
  10 0.165523 793.04 310.347
  11 0.182947 414.47 313.441
  12 0.20037 597.6 310.09
  13 0.217794 603.33 311.408
  14 0.235217 795.4 310.223
  15 0.252641 791.5 310.519
  16 0.270064 649.4 310.909
  17 0.287488 507.09 309.45
  18 0.304911 446.8 309.844
  19 0.322335 406.35 310.404
  20 0.339758 355.3 289.203
  21 0.357182 375 282.05
  22 0.374605 711.7 290.231
  23 0.392029 722 292.246
  24 0.409452 721.98 294.45
  25 0.426876 361.02 288.599
  26 0.444299 362.01 292.946
  27 0.461723 721.99 289.14
  28 0.479146 722 289.309
  29 0.49657 720 290.345
  30 0.513993 362.01 291.276
  31 0.531417 361.43 291.405
  32 0.54884 722.56 293.059
  33 0.566263 722 290.815
  34 0.583687 719.97 292.487
  35 0.60111 363.03 289.026
  36 0.618534 361.6 282.917
  37 0.635957 722.4 291.483
  38 0.653381 722 293.113
  39 0.670804 721.92 290.996
  40 0.688228 361.08 291.817
  41 0.705651 361 301.086
  42 0.723075 722 286.34
  43 0.740498 722 290.046
  44 0.757922 722 290.23
  45 0.775345 361 288.436
  46 0.792769 386.17 289.272
  47 0.810192 696.83 289.612
  48 0.827616 722 289.412
  49 0.845039 722 288.134
  50 0.862463 361 291.901
  51 0.879886 362.14 292.474
  52 0.89731 720.86 289.868
  53 0.914733 722 289.788
  54 0.932157 722 290.528
  55 0.94958 361 289.102
  56 0.967004 361 0.0283984
  57 0.984427 722 67.4461
  58 1.00185 0 0
800000 58 33660
  1 0.00871175 800 0.00211756
  2 0.0261352 401 0.658055
  3 0.0435587 797 310.208
  4 0.0609822 798 310.257
  5 0.0784057 796.99 310.386
  6 0.0958292 416.93 308.082
  7 0.113253 402.23 310.695
  8 0.130676 792.05 309.327
  9 0.1481 790.81 308.994
  10 0.165523 792.94 310.885
  11 0.182947 414.58 310.831
  12 0.20037 596.35 311.058
  13 0.217794 604.52 308.917
  14 0.235217 795.39 309.883
  15 0.252641 791.54 307.943
  16 0.270064 648.84 308.158
  17 0.287488 507.82 309.363
  18 0.304911 446.77 306.512
  19 0.322335 406.24 305.017
  20 0.339758 355.49 294.475
  21 0.357182 374.93 300.592
  22 0.374605 711.58 293.23
  23 0.392029 722 293.845
  24 0.409452 721.95 287.612
  25 0.426876 361.05 293.689
  26 0.444299 362.02 289.488
  27 0.461723 721.98 295.145
  28 0.479146 722 293.391
  29 0.49657 719.85 291.136
  30 0.513993 362.08 292.998
  31 0.531417 361.56 289.142
  32 0.54884 722.5 294.198
  33 0.566263 722.01 290.78
  34 0.583687 719.5 295.217
  35 0.60111 363.5 293.321
  36 0.618534 361.57 292.804
  37 0.635957 722.43 291.818
  38 0.653381 722 293.035
  39 0.670804 721.93 291.421
  40 0.688228 361.07 290.593
  41 0.705651 361.02 293.114
  42 0.723075 721.98 293.381
  43 0.740498 722 290.226
  44 0.757922 722 287.945
  45 0.775345 361 288.519
  46 0.792769 384.64 288.979
  47 0.810192 698.36 290.808
  48 0.827616 722 288.306
  49 0.845039 722 290.384
  50 0.862463 361 290.499
  51 0.879886 362.32 289.903
  52 0.89731 720.68 290.963
  53 0.914733 722 289.075
  54 0.932157 722 291.255
  55 0.94958 361 302.767
  56 0.967004 361 0.0283984
  57 0.984427 722 67.4461
  58 1.00185 0 0
