# Chunk-averaged data for fix favg and group all
# Timestep Number-of-chunks Total-count
# Chunk Coord1 Ncount temp
40000 58 33660
  1 0.00871398 800 0.00310848
  2 0.026142 400 0.00105723
  3 0.0435699 798.39 310.01
  4 0.0609979 797.61 310.904
  5 0.0784259 798.82 309.702
  6 0.0958538 409.19 307.587
  7 0.113282 401.03 309.33
  8 0.13071 796 308.517
  9 0.148138 798.96 309.499
  10 0.165566 797.99 310.768
  11 0.182994 409.4 311.526
  12 0.200422 623.4 311.477
  13 0.21785 582.76 310.948
  14 0.235278 785.53 310.397
  15 0.252706 774.1 310.972
  16 0.270133 609.93 310.814
  17 0.287561 515.58 311.153
  18 0.304989 469.57 311.136
  19 0.322417 434.38 313.381
  20 0.339845 227.52 289.032
  21 0.357273 502.24 292.85
  22 0.374701 709.55 292.752
  23 0.392129 716.21 294.538
  24 0.409557 575.77 294.297
  25 0.426985 485.9 293.167
  26 0.444413 389.44 292.435
  27 0.461841 722.73 293.527
  28 0.479269 722 290.312
  29 0.496697 439.41 291.626
  30 0.514125 584.6 288.379
  31 0.531553 419.99 287.918
  32 0.548981 722 285.483
  33 0.566409 722 291.831
  34 0.583837 606 292.662
  35 0.601265 476.99 292.433
  36 0.618693 361.01 295.142
  37 0.636121 722 290.603
  38 0.653549 722 290.211
  39 0.670977 720.12 289.682
  40 0.688405 362.88 290.032
  41 0.705833 361 287.546
  42 0.723261 722 293.052
  43 0.740689 722 290.74
  44 0.758117 721.97 293.034
  45 0.775545 361.03 290.499
  46 0.792973 361 286.621
  47 0.8104 722 289.979
  48 0.827828 722 290.932
  49 0.845256 722 290.436
  50 0.862684 361 290.85
  51 0.880112 395.83 288.736
  52 0.89754 687.17 291.928
  53 0.914968 722 289.92
  54 0.932396 722 288.388
  55 0.949824 361 281.389
  56 0.967252 361 0.0283984
  57 0.98468 722 57.4509
  58 1.00211 0 0
80000 58 33660
  1 0.00871398 800 0.00314112
  2 0.026142 400 0.00105723
  3 0.0435699 798.36 310.25
  4 0.0609979 797.64 307.046
  5 0.0784259 798.75 309.42
  6 0.0958538 409.29 308.539
  7 0.113282 400.97 310.143
  8 0.13071 796.03 309.921
  9 0.148138 798.96 310.928
  10 0.165566 798 310.646
  11 0.182994 409.36 311.874
  12 0.200422 603.61 310.586
  13 0.21785 602.59 308.889
  14 0.235278 785.54 310.509
  15 0.252706 774.18 310.442
  16 0.270133 597.4 308.632
  17 0.287561 524.73 308.871
  18 0.304989 472.09 307.904
  19 0.322417 435.28 306.773
  20 0.339845 194.31 295.913
  21 0.357273 534.75 291.927
  22 0.374701 710.1 293.937
  23 0.392129 716.27 298.384
  24 0.409557 595.96 295.153
  25 0.426985 472.51 293.144
  26 0.444413 382.61 291.754
  27 0.461841 722.71 294.311
  28 0.479269 722 291.776
  29 0.496697 458.14 289.753
  30 0.514125 580.93 289.693
  31 0.531553 404.93 283.419
  32 0.548981 722 283.344
  33 0.566409 722 292.356
  34 0.583837 629.55 286.204
  35 0.601265 453.45 289.036
  36 0.618693 361 290.834
  37 0.636121 722 289.733
  38 0.653549 722 295.901
  39 0.670977 720.81 290.352
  40 0.688405 362.19 289.878
  41 0.705833 361 291.776
  42 0.723261 722 291.222
  43 0.740689 722 291.42
  44 0.758117 721.99 286.776
  45 0.775545 361.01 290.279
  46 0.792973 361.03 288.399
  47 0.8104 721.97 289.468
  48 0.827828 722 291.755
  49 0.845256 722 290.678
  50 0.862684 361 290.807
  51 0.880112 402.04 292.094
  52 0.89754 680.96 289.636
  53 0.914968 722 291.957
  54 0.932396 722 290.766
  55 0.949824 361 286.836
  56 0.967252 361 0.0283984
  57 0.98468 722 57.4509
  58 1.00211 0 0
120000 58 33660
  1 0.00871398 800 0.00329501
  2 0.026142 400 0.00105723
  3 0.0435699 798.39 310.487
  4 0.0609979 797.61 309.663
  5 0.0784259 798.97 311.888
  6 0.0958538 408.98 312.779
  7 0.113282 401.06 308.761
  8 0.13071 796.03 311.781
  9 0.148138 798.96 310.125
  10 0.165566 798 309.194
  11 0.182994 409.5 309.982
  12 0.200422 606.88 311.367
  13 0.21785 599.2 310.99
  14 0.235278 785.51 310.77
  15 0.252706 773.96 310.786
  16 0.270133 599.67 309.959
  17 0.287561 522.25 310.969
  18 0.304989 472.8 309.233
  19 0.322417 435.08 310.259
  20 0.339845 194.47 291.107
  21 0.357273 534.43 296.156
  22 0.374701 710.21 295.048
  23 0.392129 716.2 297.257
  24 0.409557 598.68 294.013
  25 0.426985 470.18 292.519
  26 0.444413 382.33 294.49
  27 0.461841 722.65 289.805
  28 0.479269 722 294.436
  29 0.496697 463.06 289.008
  30 0.514125 576.8 291.514
  31 0.531553 404.14 294.579
  32 0.548981 722 290.29
  33 0.566409 722 290.348
  34 0.583837 630.84 289.631
  35 0.601265 452.14 290.104
  36 0.618693 361.02 297.363
  37 0.636121 722 289.919
  38 0.653549 722 291.409
  39 0.670977 720.89 292.048
  40 0.688405 362.11 290.036
  41 0.705833 361 295.876
  42 0.723261 722 290.807
  43 0.740689 722 290.2
  44 0.758117 722 290.474
  45 0.775545 361 288.716
  46 0.792973 361.03 290.32
  47 0.8104 721.97 288.732
  48 0.827828 722 291.066
  49 0.845256 722 291.189
  50 0.862684 361 289.595
  51 0.880112 402.41 289.83
  52 0.89754 680.59 288.379
  53 0.914968 722 290.61
  54 0.932396 722 289.656
  55 0.949824 361 292.78
  56 0.967252 361 0.0283984
  57 0.98468 722 57.4509
  58 1.00211 0 0
160000 58 33660
  1 0.00871398 800 0.00352557
  2 0.026142 400 0.00105723
  3 0.0435699 798.36 310.728
  4 0.0609979 797.64 312.387
  5 0.0784259 798.86 310.541
  6 0.0958538 409.02 310.797
  7 0.113282 401.15 309.595
  8 0.13071 796.01 310.782
  9 0.148138 798.96 309.768
  10 0.165566 798 308.557
  11 0.182994 409.31 308.939
  12 0.200422 607 309.41
  13 0.21785 599.25 310.011
  14 0.235278 785.55 307.492
  15 0.252706 774.14 307.375
  16 0.270133 599.66 308.951
  17 0.287561 523.59 309.252
  18 0.304989 471.12 308.517
  19 0.322417 435.14 307.652
  20 0.339845 193.5 299.689
  21 0.357273 535.55 302.848
  22 0.374701 710.15 299.762
  23 0.392129 716.21 297.066
  24 0.409557 599.2 292.823
  25 0.426985 469.6 292.964
  26 0.444413 382.34 289.369
  27 0.461841 722.69 293.652
  28 0.479269 722 298.377
  29 0.496697 462.35 294.785
  30 0.514125 575.92 294.436
  31 0.531553 405.73 296.593
  32 0.548981 722 295.456
  33 0.566409 722 292.533
  34 0.583837 627.14 294.955
  35 0.601265 455.84 291.856
  36 0.618693 361.02 291.707
  37 0.636121 722 294.29
  38 0.653549 722 294.156
  39 0.670977 720.86 293.228
  40 0.688405 362.14 294.179
  41 0.705833 361 296.243
  42 0.723261 722 295.569
  43 0.740689 722 294.56
  44 0.758117 722 291.962
  45 0.775545 361 291.217
  46 0.792973 361 288.98
  47 0.8104 722 291.208
  48 0.827828 722 290.829
  49 0.845256 722 290.197
  50 0.862684 361 292.442
  51 0.880112 398.38 287.511
  52 0.89754 684.62 289.934
  53 0.914968 722 291.127
  54 0.932396 722 292.121
  55 0.949824 361 297.546
  56 0.967252 361 0.0283984
  57 0.98468 722 57.4509
  58 1.00211 0 0
200000 58 33660
  1 0.00871398 800 0.00362058
  2 0.026142 400 0.00105723
  3 0.0435699 798.35 309.949
  4 0.0609979 797.65 309.989
  5 0.0784259 798.86 308.723
  6 0.0958538 409.11 309.45
  7 0.113282 401.03 310.394
  8 0.13071 796 311.093
  9 0.148138 799 310.422
  10 0.165566 797.99 310.305
  11 0.182994 409.3 307.609
  12 0.200422 608.75 309.126
  13 0.21785 597.44 308.616
  14 0.235278 785.59 310.522
  15 0.252706 774.21 310.465
  16 0.270133 598.93 307.599
  17 0.287561 523.51 309.791
  18 0.304989 472.23 306.911
  19 0.322417 434.89 308.898
  20 0.339845 195.64 295.846
  21 0.357273 533.1 309.197
  22 0.374701 710.37 302.533
  23 0.392129 716.23 298.069
  24 0.409557 599.43 297.19
  25 0.426985 469.66 292.109
  26 0.444413 382.04 285.648
  27 0.461841 722.69 292.723
  28 0.479269 722 289.157
  29 0.496697 464.93 292.592
  30 0.514125 574.78 294.095
  31 0.531553 404.29 292.799
  32 0.548981 722 294.575
  33 0.566409 722 293.929
  34 0.583837 630.45 294.431
  35 0.601265 452.54 292.966
  36 0.618693 361.01 285.138
  37 0.636121 722 291.568
  38 0.653549 722 293.311
  39 0.670977 720.91 293.24
  40 0.688405 362.09 294.498
  41 0.705833 361 292.16
  42 0.723261 722 293.666
  43 0.740689 722 298.013
  44 0.758117 722 291.758
  45 0.775545 361 291.225
  46 0.792973 361.03 291.404
  47 0.8104 721.97 291.072
  48 0.827828 722 289.568
  49 0.845256 722 290.967
  50 0.862684 361 288.985
  51 0.880112 402.23 285.888
  52 0.89754 680.77 292.001
  53 0.914968 722 290.663
  54 0.932396 722 288.001
  55 0.949824 361 290.69
  56 0.967252 361 0.0283984
  57 0.98468 722 57.4509
  58 1.00211 0 0
240000 58 33660
  1 0.00871398 800 0.00370672
  2 0.026142 400 0.00105723
  3 0.0435699 798.39 309.584
  4 0.0609979 797.61 308.703
  5 0.0784259 798.78 308.96
  6 0.0958538 409.13 308.974
  7 0.113282 401.1 309.427
  8 0.13071 796.01 308.398
  9 0.148138 798.98 308.172
  10 0.165566 798 310.345
  11 0.182994 409.29 309.238
  12 0.200422 609.29 312.132
  13 0.21785 596.92 310.167
  14 0.235278 785.56 309.912
  15 0.252706 774.11 308.265
  16 0.270133 601.13 310.783
  17 0.287561 521.49 309.332
  18 0.304989 472.32 308.161
  19 0.322417 434.59 310.932
  20 0.339845 193.32 293.819
  21 0.357273 535.82 301.1
  22 0.374701 710.12 298.978
  23 0.392129 716.28 296.246
  24 0.409557 599.18 294.454
  25 0.426985 470.91 293.342
  26 0.444413 380.94 290.257
  27 0.461841 722.73 291.191
  28 0.479269 722 287.479
  29 0.496697 462.28 288.082
  30 0.514125 579.18 288.231
  31 0.531553 402.54 291.232
  32 0.548981 722 293.762
  33 0.566409 722 298.951
  34 0.583837 626.78 295.987
  35 0.601265 456.2 296.202
  36 0.618693 361.02 289.732
  37 0.636121 722 295.189
  38 0.653549 722 293.857
  39 0.670977 720.7 294.379
  40 0.688405 362.3 287.554
  41 0.705833 361 285.544
  42 0.723261 722 290.672
  43 0.740689 722 291.953
  44 0.758117 721.99 286.51
  45 0.775545 361.01 289.902
  46 0.792973 361.06 290.376
  47 0.8104 721.94 290.582
  48 0.827828 722 288.858
  49 0.845256 722 290.074
  50 0.862684 361 290.138
  51 0.880112 400.07 291.871
  52 0.89754 682.93 287.82
  53 0.914968 722 289.122
  54 0.932396 722 290.551
  55 0.949824 361 289.107
  56 0.967252 361 0.0283984
  57 0.98468 722 57.4509
  58 1.00211 0 0
280000 58 33660
  1 0.00871398 800 0.00393433
  2 0.026142 400 0.00105723
  3 0.0435699 798.36 310.112
  4 0.0609979 797.64 310.399
  5 0.0784259 798.72 308.876
  6 0.0958538 409.18 310.383
  7 0.113282 401.12 311.823
  8 0.13071 796.01 310.849
  9 0.148138 798.97 308.583
  10 0.165566 797.99 310.702
  11 0.182994 409.25 309.145
  12 0.200422 604.16 308.636
  13 0.21785 602.11 309.766
  14 0.235278 785.58 307.151
  15 0.252706 774 309.04
  16 0.270133 597.79 308.77
  17 0.287561 523.16 307.823
  18 0.304989 473.2 309.89
  19 0.322417 435.42 307.982
  20 0.339845 191.57 294.356
  21 0.357273 537.4 298.872
  22 0.374701 710.35 292.61
  23 0.392129 716.12 290.392
  24 0.409557 596.27 294.834
  25 0.426985 472.25 295.195
  26 0.444413 382.77 287.876
  27 0.461841 722.61 292.541
  28 0.479269 722 289.08
  29 0.496697 459.73 291.368
  30 0.514125 577.06 291.474
  31 0.531553 407.21 290.986
  32 0.548981 722 291.107
  33 0.566409 722 300.025
  34 0.583837 626 294.386
  35 0.601265 456.99 294.981
  36 0.618693 361.01 286.183
  37 0.636121 722 293.237
  38 0.653549 722 293.587
  39 0.670977 720.62 291.051
  40 0.688405 362.38 288.694
  41 0.705833 361 290.897
  42 0.723261 722 288.445
  43 0.740689 722 296.114
  44 0.758117 722 288.666
  45 0.775545 361 291.33
  46 0.792973 361.06 292.168
  47 0.8104 721.94 288.547
  48 0.827828 722 291.731
  49 0.845256 722 288.44
  50 0.862684 361 288.932
  51 0.880112 399.2 290.586
  52 0.89754 683.8 290.508
  53 0.914968 722 290.195
  54 0.932396 722 290.005
  55 0.949824 361 287.628
  56 0.967252 361 0.0283984
  57 0.98468 722 57.4509
  58 1.00211 0 0
320000 58 33660
  1 0.00871398 800 0.00398432
  2 0.026142 400 0.00105723
  3 0.0435699 798.33 307.975
  4 0.0609979 797.67 310.639
  5 0.0784259 798.84 309.363
  6 0.0958538 409.08 311.226
  7 0.113282 401.09 310.501
  8 0.13071 796.02 308.24
  9 0.148138 798.97 308.222
  10 0.165566 798 309.887
  11 0.182994 409.26 308.502
  12 0.200422 606.58 309.565
  13 0.21785 599.62 309.62
  14 0.235278 785.65 312.946
  15 0.252706 774.02 311.073
  16 0.270133 599.87 309.596
  17 0.287561 521.43 313.285
  18 0.304989 473.11 310.229
  19 0.322417 435.1 312.172
  20 0.339845 194.43 292.279
  21 0.357273 534.9 295.381
  22 0.374701 710.02 293.013
  23 0.392129 716.14 294.872
  24 0.409557 600.06 294.282
  25 0.426985 470.85 295.421
  26 0.444413 380.29 294.327
  27 0.461841 722.67 289.298
  28 0.479269 722 288.517
  29 0.496697 464.45 294.676
  30 0.514125 577.45 294.509
  31 0.531553 402.1 292.273
  32 0.548981 722 289.792
  33 0.566409 722 293.309
  34 0.583837 633.63 291.904
  35 0.601265 449.34 290.002
  36 0.618693 361.03 294.627
  37 0.636121 722 294.945
  38 0.653549 722 289.066
  39 0.670977 720.96 290.947
  40 0.688405 362.04 289.889
  41 0.705833 361 286.677
  42 0.723261 722 291.588
  43 0.740689 722 287.11
  44 0.758117 721.99 285.029
  45 0.775545 361.01 288.245
  46 0.792973 361.07 293.451
  47 0.8104 721.93 289.174
  48 0.827828 722 290.22
  49 0.845256 722 289.443
  50 0.862684 361 291.116
  51 0.880112 401.58 290.362
  52 0.89754 681.42 291.449
  53 0.914968 722 289.51
  54 0.932396 722 290.349
  55 0.949824 361 296.459
  56 0.967252 361 0.0283984
  57 0.98468 722 57.4509
  58 1.00211 0 0
360000 58 33659.99999999999
  1 0.00871398 800 0.00378365
  2 0.026142 400 0.00105723
  3 0.0435699 798.41 308.369
  4 0.0609979 797.59 309.177
  5 0.0784259 798.57 309.363
  6 0.0958538 409.36 312.065
  7 0.113282 401.09 311.395
  8 0.13071 796 310.383
  9 0.148138 798.98 311.387
  10 0.165566 797.99 310.304
  11 0.182994 409.34 309.305
  12 0.200422 605.55 308.476
  13 0.21785 600.69 310.513
  14 0.235278 785.47 309.857
  15 0.252706 774 306.298
  16 0.270133 599.97 306.024
  17 0.287561 521.01 305.596
  18 0.304989 473.38 304.864
  19 0.322417 435.5 305.328
  20 0.339845 195.81 290.062
  21 0.357273 533.06 298.226
  22 0.374701 710.16 293.392
  23 0.392129 716.36 294.487
  24 0.409557 598.59 296.039
  25 0.426985 470.61 291.45
  26 0.444413 381.85 293.418
  27 0.461841 722.66 291.438
  28 0.479269 722 297.756
  29 0.496697 462.62 293.797
  30 0.514125 575.26 292.008
  31 0.531553 406.12 294.481
  32 0.548981 722 292.376
  33 0.566409 722 296.035
  34 0.583837 628.14 289.673
  35 0.601265 454.85 287.516
  36 0.618693 361.01 290.619
  37 0.636121 722 294.778
  38 0.653549 722 291.601
  39 0.670977 720.67 291.707
  40 0.688405 362.33 293.055
  41 0.705833 361 290.131
  42 0.723261 722 286.983
  43 0.740689 722 288.423
  44 0.758117 722 293.082
  45 0.775545 361 290.83
  46 0.792973 361.03 290.154
  47 0.8104 721.97 290.534
  48 0.827828 722 291.254
  49 0.845256 722 289.953
  50 0.862684 361 288.348
  51 0.880112 400.32 287.479
  52 0.89754 682.68 289.984
  53 0.914968 722 289.005
  54 0.932396 722 291.467
  55 0.949824 361 290.068
  56 0.967252 361 0.0283984
  57 0.98468 722 57.4509
  58 1.00211 0 0
400000 58 33660
  1 0.00871398 800 0.00375068
  2 0.026142 400 0.00105723
  3 0.0435699 798.39 313.141
  4 0.0609979 797.61 309.793
  5 0.0784259 798.59 309.982
  6 0.0958538 409.41 310.424
  7 0.113282 401.03 309.617
  8 0.13071 795.98 309.238
  9 0.148138 798.99 310.374
  10 0.165566 797.99 309.582
  11 0.182994 409.24 309.933
  12 0.200422 604.8 308.027
  13 0.21785 601.45 308.478
  14 0.235278 785.58 309.487
  15 0.252706 774.08 308.403
  16 0.270133 599.15 311.033
  17 0.287561 521.23 309.023
  18 0.304989 473.91 306.372
  19 0.322417 435.25 305.773
  20 0.339845 191.73 293.497
  21 0.357273 537.28 294.037
  22 0.374701 710.28 295.198
  23 0.392129 716.19 291.315
  24 0.409557 597.8 296.326
  25 0.426985 472.89 292.248
  26 0.444413 380.46 287.85
  27 0.461841 722.69 289.59
  28 0.479269 722 291.264
  29 0.496697 461.09 288.397
  30 0.514125 578.13 290.076
  31 0.531553 404.78 287.405
  32 0.548981 722 288.457
  33 0.566409 722 291.554
  34 0.583837 628.59 295.788
  35 0.601265 454.4 295.696
  36 0.618693 361.01 294.661
  37 0.636121 722 295.322
  38 0.653549 722 294.232
  39 0.670977 720.7 292.344
  40 0.688405 362.3 294.418
  41 0.705833 361 289.295
  42 0.723261 722 293.777
  43 0.740689 722 289.211
  44 0.758117 722 294.876
  45 0.775545 361 289.796
  46 0.792973 361.02 290.493
  47 0.8104 721.98 288.99
  48 0.827828 722 288.218
  49 0.845256 722 290.371
  50 0.862684 361 288.18
  51 0.880112 401.01 289.011
  52 0.89754 681.99 289.729
  53 0.914968 722 290.323
  54 0.932396 722 291.722
  55 0.949824 361 287.34
  56 0.967252 361 0.0283984
  57 0.98468 722 57.4509
  58 1.00211 0 0
440000 58 33660
  1 0.00871398 800 0.00372881
  2 0.026142 400 0.00105723
  3 0.0435699 798.39 309.418
  4 0.0609979 797.61 309.52
  5 0.0784259 798.56 309.831
  6 0.0958538 409.45 311.496
  7 0.113282 401.02 309.927
  8 0.13071 796.03 310.725
  9 0.148138 798.94 309.184
  10 0.165566 797.98 309.43
  11 0.182994 409.26 309.102
  12 0.200422 604.84 310.055
  13 0.21785 601.46 310.97
  14 0.235278 785.52 313.62
  15 0.252706 774.05 314.21
  16 0.270133 598.82 314.228
  17 0.287561 522.16 313.345
  18 0.304989 473.4 313.571
  19 0.322417 435.11 313.877
  20 0.339845 192.36 290.341
  21 0.357273 536.59 288.037
  22 0.374701 710.37 291.079
  23 0.392129 716.23 288.663
  24 0.409557 598.61 291.297
  25 0.426985 470.61 292.067
  26 0.444413 381.86 289.45
  27 0.461841 722.77 289.374
  28 0.479269 722 288.618
  29 0.496697 463.71 292.093
  30 0.514125 574.8 291.461
  31 0.531553 405.49 292.98
  32 0.548981 722 289.714
  33 0.566409 722 288.731
  34 0.583837 628.03 289.916
  35 0.601265 454.97 289.385
  36 0.618693 361 290.121
  37 0.636121 722 291.71
  38 0.653549 722 294.114
  39 0.670977 720.83 291.325
  40 0.688405 362.17 288.757
  41 0.705833 361 288.191
  42 0.723261 722 292.609
  43 0.740689 722 292.987
  44 0.758117 721.99 292.369
  45 0.775545 361.01 291.681
  46 0.792973 361.03 291.121
  47 0.8104 721.97 290.022
  48 0.827828 722 290.237
  49 0.845256 722 290.103
  50 0.862684 361 289.468
  51 0.880112 401.2 289.679
  52 0.89754 681.8 290.939
  53 0.914968 722 290.218
  54 0.932396 722 290.112
  55 0.949824 361 287.406
  56 0.967252 361 0.0283984
  57 0.98468 722 57.4509
  58 1.00211 0 0
480000 58 33660
  1 0.00871398 800 0.00370517
  2 0.026142 400 0.00105723
  3 0.0435699 798.44 309.358
  4 0.0609979 797.56 311.322
  5 0.0784259 798.5 309.508
  6 0.0958538 409.39 311.132
  7 0.113282 401.12 309.995
  8 0.13071 796 309.373
  9 0.148138 798.99 308.619
  10 0.165566 798 310.219
  11 0.182994 409.41 308.627
  12 0.200422 601.19 310.266
  13 0.21785 604.9 308.819
  14 0.235278 785.53 311.098
  15 0.252706 774.13 308.719
  16 0.270133 596.54 306.587
  17 0.287561 524.49 310.63
  18 0.304989 473.06 303.531
  19 0.322417 435.37 307.967
  20 0.339845 192.47 291.363
  21 0.357273 536.58 294.305
  22 0.374701 710.29 293.023
  23 0.392129 716.22 292.407
  24 0.409557 598.81 288.21
  25 0.426985 471.27 288.062
  26 0.444413 381.09 288.914
  27 0.461841 722.65 295.811
  28 0.479269 722 291.872
  29 0.496697 462.4 291.548
  30 0.514125 576.95 293.643
  31 0.531553 404.65 291.163
  32 0.548981 722 293.895
  33 0.566409 722 294.155
  34 0.583837 627.38 291.959
  35 0.601265 455.61 291.083
  36 0.618693 361.01 290.032
  37 0.636121 722 287.66
  38 0.653549 722 290.834
  39 0.670977 720.84 295.589
  40 0.688405 362.16 290.835
  41 0.705833 361 292.433
  42 0.723261 722 290.319
  43 0.740689 722 288.183
  44 0.758117 721.99 287.305
  45 0.775545 361.01 289.28
  46 0.792973 361.04 292.754
  47 0.8104 721.96 291.152
  48 0.827828 722 289.956
  49 0.845256 722 292.439
  50 0.862684 361 291.346
  51 0.880112 400.55 290.23
  52 0.89754 682.45 288.053
  53 0.914968 722 288.762
  54 0.932396 722 289.65
  55 0.949824 361 284.167
  56 0.967252 361 0.0283984
  57 0.98468 722 57.4509
  58 1.00211 0 0
520000 58 33660
  1 0.00871398 800 0.00370073
  2 0.026142 400 0.00105723
  3 0.0435699 798.41 308.764
  4 0.0609979 797.59 310.677
  5 0.0784259 798.83 311.122
  6 0.0958538 409.12 311.696
  7 0.113282 401.06 309.776
  8 0.13071 796 309.872
  9 0.148138 798.99 308.439
  10 0.165566 797.98 310.185
  11 0.182994 409.34 308.798
  12 0.200422 602.75 309.778
  13 0.21785 603.45 310.022
  14 0.235278 785.55 306.939
  15 0.252706 774.1 309.59
  16 0.270133 597.7 308.905
  17 0.287561 523.45 307.979
  18 0.304989 473.52 306.162
  19 0.322417 434.87 301.197
  20 0.339845 191.74 297.404
  21 0.357273 537.14 301.347
  22 0.374701 710.35 300.008
  23 0.392129 716.28 294.351
  24 0.409557 595.02 294.751
  25 0.426985 473.51 294.123
  26 0.444413 382.53 289.785
  27 0.461841 722.72 291.345
  28 0.479269 722 288.861
  29 0.496697 456.29 289.005
  30 0.514125 581.94 289.373
  31 0.531553 405.77 286.919
  32 0.548981 722 289.355
  33 0.566409 722 288.487
  34 0.583837 624.62 286.463
  35 0.601265 458.37 286.028
  36 0.618693 361.01 286.953
  37 0.636121 722 286.54
  38 0.653549 722 285.91
  39 0.670977 720.72 287.922
  40 0.688405 362.28 286.343
  41 0.705833 361 294.686
  42 0.723261 722 290.503
  43 0.740689 722 289.868
  44 0.758117 721.99 287.946
  45 0.775545 361.01 287.024
  46 0.792973 361.04 290.385
  47 0.8104 721.96 289.2
  48 0.827828 722 289.99
  49 0.845256 722 288.502
  50 0.862684 361 290.041
  51 0.880112 399.18 288.301
  52 0.89754 683.82 291.412
  53 0.914968 722 289.687
  54 0.932396 722 291.579
  55 0.949824 361 281.55
  56 0.967252 361 0.0283984
  57 0.98468 722 57.4509
  58 1.00211 0 0
560000 58 33660
  1 0.00871398 800 0.00346411
  2 0.026142 400 0.00105723
  3 0.0435699 798.39 309.552
  4 0.0609979 797.61 309.705
  5 0.0784259 798.93 310.373
  6 0.0958538 409.06 310.121
  7 0.113282 401.01 307.711
  8 0.13071 796.02 308.971
  9 0.148138 798.98 307.871
  10 0.165566 798 309.691
  11 0.182994 409.34 310.72
  12 0.200422 606.67 310.921
  13 0.21785 599.5 309.385
  14 0.235278 785.58 309.735
  15 0.252706 774.03 307.397
  16 0.270133 599.71 309.9
  17 0.287561 521.6 308.446
  18 0.304989 473.66 309.676
  19 0.322417 434.69 308.58
  20 0.339845 193.35 294.893
  21 0.357273 535.45 302.71
  22 0.374701 710.38 300.957
  23 0.392129 716.18 295.021
  24 0.409557 599.03 293.056
  25 0.426985 471.33 293.635
  26 0.444413 380.76 284.484
  27 0.461841 722.74 289.323
  28 0.479269 722 289.366
  29 0.496697 464.29 288.917
  30 0.514125 577.46 288.66
  31 0.531553 402.25 291.2
  32 0.548981 722 289.87
  33 0.566409 722 288.592
  34 0.583837 630.9 294.712
  35 0.601265 452.1 293.793
  36 0.618693 361 288.513
  37 0.636121 722 290.769
  38 0.653549 722 289.872
  39 0.670977 721.03 289.324
  40 0.688405 361.97 287.769
  41 0.705833 361 290.434
  42 0.723261 722 288.352
  43 0.740689 722 293.652
  44 0.758117 722 287.412
  45 0.775545 361 292.53
  46 0.792973 361.07 290.908
  47 0.8104 721.93 290.579
  48 0.827828 722 291.365
  49 0.845256 722 288.725
  50 0.862684 361 289.17
  51 0.880112 400.6 291.512
  52 0.89754 682.4 289.254
  53 0.914968 722 291.568
  54 0.932396 722 289.847
  55 0.949824 361 289.73
  56 0.967252 361 0.0283984
  57 0.98468 722 57.4509
  58 1.00211 0 0
600000 58 33659.99999999999
  1 0.00871398 800 0.0034457
  2 0.026142 400 0.00105723
  3 0.0435699 798.35 309.291
  4 0.0609979 797.65 311.053
  5 0.0784259 798.67 308.717
  6 0.0958538 409.35 311.863
  7 0.113282 401.13 311.458
  8 0.13071 795.86 309.503
  9 0.148138 798.99 311.319
  10 0.165566 797.99 310.708
  11 0.182994 409.33 311.135
  12 0.200422 606.46 309.902
  13 0.21785 599.68 311.138
  14 0.235278 785.65 310.592
  15 0.252706 774.06 310.67
  16 0.270133 596.96 310.795
  17 0.287561 523.72 310.687
  18 0.304989 473.3 311.405
  19 0.322417 435.6 308.871
  20 0.339845 192.86 296.002
  21 0.357273 536.04 308.095
  22 0.374701 710.33 301.072
  23 0.392129 716.13 293.756
  24 0.409557 597.77 294.877
  25 0.426985 472.14 294.362
  26 0.444413 381.35 288.195
  27 0.461841 722.63 291.24
  28 0.479269 722 289.705
  29 0.496697 461.14 289.414
  30 0.514125 579.12 288.727
  31 0.531553 403.74 292.996
  32 0.548981 722 287.9
  33 0.566409 722 287.375
  34 0.583837 629.44 290.711
  35 0.601265 453.55 292.021
  36 0.618693 361.01 292.625
  37 0.636121 722 290.183
  38 0.653549 722 285.924
  39 0.670977 720.96 286.696
  40 0.688405 362.04 290.007
  41 0.705833 361 297.5
  42 0.723261 722 288.691
  43 0.740689 722 291.205
  44 0.758117 722 292.589
  45 0.775545 361 290.841
  46 0.792973 361.02 288.426
  47 0.8104 721.98 288.989
  48 0.827828 722 291.034
  49 0.845256 722 288.216
  50 0.862684 361 291.034
  51 0.880112 402.95 291.02
  52 0.89754 680.05 290.068
  53 0.914968 722 289.884
  54 0.932396 722 289.286
  55 0.949824 361 284.304
  56 0.967252 361 0.0283984
  57 0.98468 722 57.4509
  58 1.00211 0 0
640000 58 33660.00000000001
  1 0.00871398 800 0.00335621
  2 0.026142 400 0.00105723
  3 0.0435699 798.41 308.165
  4 0.0609979 797.59 310.118
  5 0.0784259 798.65 309.798
  6 0.0958538 409.23 309.546
  7 0.113282 401.14 310.607
  8 0.13071 795.98 309.005
  9 0.148138 799 308.276
  10 0.165566 798 308.677
  11 0.182994 409.25 308.72
  12 0.200422 601.55 310.504
  13 0.21785 604.74 310.983
  14 0.235278 785.54 308.977
  15 0.252706 773.99 310.831
  16 0.270133 595.96 308.929
  17 0.287561 523.93 309.643
  18 0.304989 474.19 309.593
  19 0.322417 435.47 309.12
  20 0.339845 189.95 293.442
  21 0.357273 539.16 300.566
  22 0.374701 710.28 294.254
  23 0.392129 716.19 288.382
  24 0.409557 595.66 297.163
  25 0.426985 471.92 290.342
  26 0.444413 383.52 277.367
  27 0.461841 722.7 292.821
  28 0.479269 722 294.073
  29 0.496697 457.27 292.989
  30 0.514125 578.75 293.152
  31 0.531553 407.98 293.245
  32 0.548981 722 289.712
  33 0.566409 722 288.335
  34 0.583837 622.76 286.512
  35 0.601265 460.24 288.072
  36 0.618693 361 289.7
  37 0.636121 722 289.361
  38 0.653549 722 287.415
  39 0.670977 720.6 284.564
  40 0.688405 362.4 285.91
  41 0.705833 361 281.073
  42 0.723261 722 289.831
  43 0.740689 722 289.665
  44 0.758117 721.99 288.794
  45 0.775545 361.01 290.115
  46 0.792973 361.04 289.858
  47 0.8104 721.96 291.147
  48 0.827828 722 289.466
  49 0.845256 722 288.924
  50 0.862684 361 289.429
  51 0.880112 398.81 288.945
  52 0.89754 684.19 291.197
  53 0.914968 722 289.872
  54 0.932396 722 289.376
  55 0.949824 361 288.185
  56 0.967252 361 0.0283984
  57 0.98468 722 57.4509
  58 1.00211 0 0
680000 58 33660
  1 0.00871398 800 0.00331599
  2 0.026142 400 0.00105723
  3 0.0435699 798.37 310.915
  4 0.0609979 797.63 308.612
  5 0.0784259 798.85 310.749
  6 0.0958538 409.22 309.342
  7 0.113282 400.94 310.932
  8 0.13071 796.02 309.256
  9 0.148138 798.97 310.979
  10 0.165566 797.99 310.279
  11 0.182994 409.37 309.512
  12 0.200422 606.95 309.018
  13 0.21785 599.21 309.513
  14 0.235278 785.55 307.121
  15 0.252706 774.12 307.243
  16 0.270133 597.5 307.717
  17 0.287561 523.71 308.496
  18 0.304989 472.57 307.437
  19 0.322417 435.81 308.432
  20 0.339845 192.91 294.476
  21 0.357273 536.14 300.566
  22 0.374701 710.11 292.474
  23 0.392129 716.19 284.24
  24 0.409557 598.65 290.766
  25 0.426985 470.88 288.185
  26 0.444413 381.62 284.545
  27 0.461841 722.72 288.713
  28 0.479269 722 287.088
  29 0.496697 464.87 290.656
  30 0.514125 577.08 289.672
  31 0.531553 402.05 289.339
  32 0.548981 722 292.369
  33 0.566409 722 285.313
  34 0.583837 631.19 294.555
  35 0.601265 451.81 289.715
  36 0.618693 361 286.985
  37 0.636121 722 292.554
  38 0.653549 722 292.669
  39 0.670977 721.12 286.728
  40 0.688405 361.88 288.937
  41 0.705833 361 294.032
  42 0.723261 722 291.62
  43 0.740689 722 289.662
  44 0.758117 722 285.954
  45 0.775545 361 286.878
  46 0.792973 361.08 288.804
  47 0.8104 721.92 289.926
  48 0.827828 722 289.028
  49 0.845256 722 290.986
  50 0.862684 361 289.328
  51 0.880112 400.59 287.985
  52 0.89754 682.41 291.516
  53 0.914968 722 289.544
  54 0.932396 722 288.645
  55 0.949824 361 286.064
  56 0.967252 361 0.0283984
  57 0.98468 722 57.4509
  58 1.00211 0 0
720000 58 33660
  1 0.00871398 800 0.0030485
  2 0.026142 400 0.00105723
  3 0.0435699 798.32 312.471
  4 0.0609979 797.68 309.881
  5 0.0784259 798.72 309.239
  6 0.0958538 409.19 310.606
  7 0.113282 401.1 309.625
  8 0.13071 796.01 308.967
  9 0.148138 798.98 310.47
  10 0.165566 797.98 310.673
  11 0.182994 409.35 310.273
  12 0.200422 604.7 309.092
  13 0.21785 601.49 308.837
  14 0.235278 785.56 310.356
  15 0.252706 774.02 308.237
  16 0.270133 598.99 308.879
  17 0.287561 522.18 309.682
  18 0.304989 473.3 306.574
  19 0.322417 435.12 311.174
  20 0.339845 196.5 293.758
  21 0.357273 532.56 295.826
  22 0.374701 710.13 291.345
  23 0.392129 716.33 292.075
  24 0.409557 601.21 291.723
  25 0.426985 469.53 288.907
  26 0.444413 380.29 289.968
  27 0.461841 722.76 291.144
  28 0.479269 722 286.913
  29 0.496697 468.02 292.177
  30 0.514125 575.42 291.431
  31 0.531553 400.56 283.708
  32 0.548981 722 293.198
  33 0.566409 722 295.165
  34 0.583837 634.96 292.154
  35 0.601265 448.04 290.478
  36 0.618693 361 292.598
  37 0.636121 722 291.191
  38 0.653549 722 295.575
  39 0.670977 720.77 290.974
  40 0.688405 362.23 289.855
  41 0.705833 361 288.203
  42 0.723261 722 294.354
  43 0.740689 722 292.454
  44 0.758117 721.99 289.89
  45 0.775545 361.01 288.97
  46 0.792973 361.03 290.199
  47 0.8104 721.97 289.751
  48 0.827828 722 289.406
  49 0.845256 722 289.782
  50 0.862684 361 291.525
  51 0.880112 403.42 289.673
  52 0.89754 679.58 290.495
  53 0.914968 722 291.363
  54 0.932396 722 289.818
  55 0.949824 361 285.576
  56 0.967252 361 0.0283984
  57 0.98468 722 57.4509
  58 1.00211 0 0
760000 58 33660
  1 0.00871398 800 0.00307771
  2 0.026142 400 0.00105723
  3 0.0435699 798.39 309.893
  4 0.0609979 797.61 309.604
  5 0.0784259 798.87 310.567
  6 0.0958538 408.99 311.273
  7 0.113282 401.32 308.739
  8 0.13071 795.87 310.099
  9 0.148138 798.95 310.07
  10 0.165566 797.98 309.376
  11 0.182994 409.25 311.456
  12 0.200422 599.54 309.615
  13 0.21785 606.61 308.492
  14 0.235278 785.66 308.108
  15 0.252706 774.04 309.223
  16 0.270133 596.67 306.136
  17 0.287561 523.57 309.098
  18 0.304989 473.95 310.03
  19 0.322417 435.49 305.508
  20 0.339845 191.95 296.841
  21 0.357273 537.05 298.127
  22 0.374701 710.12 293.564
  23 0.392129 716.31 296.535
  24 0.409557 596.33 294.778
  25 0.426985 472.05 294.482
  26 0.444413 382.68 295.347
  27 0.461841 722.75 291.133
  28 0.479269 722 290.103
  29 0.496697 460.94 289.086
  30 0.514125 578.05 289.429
  31 0.531553 405.01 286.108
  32 0.548981 722 287.534
  33 0.566409 722 287.937
  34 0.583837 627.02 294.194
  35 0.601265 455.98 293.037
  36 0.618693 361 288.203
  37 0.636121 722 295.994
  38 0.653549 722 290.26
  39 0.670977 720.58 292.915
  40 0.688405 362.42 292.891
  41 0.705833 361 292.324
  42 0.723261 722 292.784
  43 0.740689 722 293.513
  44 0.758117 721.97 291.599
  45 0.775545 361.03 288.735
  46 0.792973 361.06 290.476
  47 0.8104 721.94 290.709
  48 0.827828 722 288.413
  49 0.845256 722 287.919
  50 0.862684 361 289.743
  51 0.880112 401.07 289.462
  52 0.89754 681.93 290.136
  53 0.914968 722 289.003
  54 0.932396 722 290.085
  55 0.949824 361 287.477
  56 0.967252 361 0.0283984
  57 0.98468 722 57.4509
  58 1.00211 0 0
800000 58 33660
  1 0.00871398 800 0.00302597
  2 0.026142 400 0.00105723
  3 0.0435699 798.3 309.981
  4 0.0609979 797.7 310.004
  5 0.0784259 798.84 310.415
  6 0.0958538 409.08 312.11
  7 0.113282 401.09 308.608
  8 0.13071 795.99 311.865
  9 0.148138 799 311.5
  10 0.165566 798 310.16
  11 0.182994 409.34 311.039
  12 0.200422 604.83 309.459
  13 0.21785 601.3 309.409
  14 0.235278 785.56 308.825
  15 0.252706 774.24 310.513
  16 0.270133 597.06 309.009
  17 0.287561 522.87 310.29
  18 0.304989 473.95 315.03
  19 0.322417 435.58 309.497
  20 0.339845 191.88 292.682
  21 0.357273 537.14 302.683
  22 0.374701 710.17 294.845
  23 0.392129 716.21 303.024
  24 0.409557 595.55 295.542
  25 0.426985 473.86 291.11
  26 0.444413 381.69 294.523
  27 0.461841 722.77 292.309
  28 0.479269 722 289.406
  29 0.496697 458.02 292.905
  30 0.514125 579.42 291.578
  31 0.531553 406.56 286.43
  32 0.548981 722 289.126
  33 0.566409 722 287.314
  34 0.583837 625.12 290.315
  35 0.601265 457.88 289.029
  36 0.618693 361 294.735
  37 0.636121 722 288.705
  38 0.653549 722 290.676
  39 0.670977 720.76 290.62
  40 0.688405 362.24 287.001
  41 0.705833 361 285.287
  42 0.723261 722 290.835
  43 0.740689 722 292.034
  44 0.758117 722 292.404
  45 0.775545 361 289.846
  46 0.792973 361.03 288.853
  47 0.8104 721.97 288.93
  48 0.827828 722 289.959
  49 0.845256 722 289.763
  50 0.862684 361 289.237
  51 0.880112 398.22 288.219
  52 0.89754 684.78 291.314
  53 0.914968 722 290.654
  54 0.932396 722 288.733
  55 0.949824 361 286.989
  56 0.967252 361 0.0283984
  57 0.98468 722 57.4509
  58 1.00211 0 0
