# Chunk-averaged data for fix favg and group all
# Timestep Number-of-chunks Total-count
# Chunk Coord1 Ncount temp
40000 58 33660
  1 0.00872528 800 0.0021102
  2 0.0261758 400 0.00105723
  3 0.0436264 800 309.274
  4 0.0610769 800 311.379
  5 0.0785275 799.96 309.993
  6 0.095978 400.04 309.554
  7 0.113429 400 310.397
  8 0.130879 800 308.295
  9 0.14833 800 309.674
  10 0.16578 800 310.713
  11 0.183231 448.54 309.513
  12 0.200681 751.26 310.163
  13 0.218132 400.2 308.288
  14 0.235582 800 308.164
  15 0.253033 800 310.221
  16 0.270484 794.48 308.462
  17 0.287934 399 311.698
  18 0.305385 412.37 312.595
  19 0.322835 394.15 311.932
  20 0.340286 592.08 293.353
  21 0.357736 489.72 292.778
  22 0.375187 362.2 293.01
  23 0.392637 722 290.052
  24 0.410088 722 289.917
  25 0.427539 484.99 290.374
  26 0.444989 578.53 287.968
  27 0.46244 380.48 290.62
  28 0.47989 722 283.744
  29 0.497341 722 289.373
  30 0.514791 455.42 289.669
  31 0.532242 597.12 289.179
  32 0.549692 391.46 282.015
  33 0.567143 722 289.044
  34 0.584594 722 288.37
  35 0.602044 430.39 290.484
  36 0.619495 607.98 293.481
  37 0.636945 405.63 290.841
  38 0.654396 722 290.491
  39 0.671846 722 289.271
  40 0.689297 409.08 286.688
  41 0.706747 611.49 288.302
  42 0.724198 423.43 287.545
  43 0.741649 722 289.829
  44 0.759099 722 291.412
  45 0.77655 393.24 289.767
  46 0.794 603.17 290.666
  47 0.811451 447.59 290.106
  48 0.828901 722 290.551
  49 0.846352 722 290.391
  50 0.863802 379.51 292.216
  51 0.881253 589.78 292.504
  52 0.898704 474.71 288.955
  53 0.916154 722 290.28
  54 0.933605 722 291.32
  55 0.951055 361 281.401
  56 0.968506 361 0.0283984
  57 0.985956 722 80.6465
  58 1.00341 0 0
80000 58 33660
  1 0.00872528 800 0.00231994
  2 0.0261758 400 0.00105723
  3 0.0436264 800 312.742
  4 0.0610769 800 309.345
  5 0.0785275 799.97 310.168
  6 0.095978 400.03 311.436
  7 0.113429 400.02 310.294
  8 0.130879 799.98 311.737
  9 0.14833 800 309.23
  10 0.16578 800 308.577
  11 0.183231 449.2 308.345
  12 0.200681 750.67 308.61
  13 0.218132 400.13 310.431
  14 0.235582 800 309.406
  15 0.253033 800 308.722
  16 0.270484 794.36 309.375
  17 0.287934 399.36 311.458
  18 0.305385 412.03 310.789
  19 0.322835 394.25 309.997
  20 0.340286 596.47 289.556
  21 0.357736 485.54 288.32
  22 0.375187 361.99 294.558
  23 0.392637 722 291.6
  24 0.410088 722 286.694
  25 0.427539 487.1 289.245
  26 0.444989 578.7 290.557
  27 0.46244 378.2 295.195
  28 0.47989 722 288.499
  29 0.497341 722 288.163
  30 0.514791 457.4 291.404
  31 0.532242 598.54 291.018
  32 0.549692 388.06 291.748
  33 0.567143 722 289.761
  34 0.584594 722 289.806
  35 0.602044 431.1 291.779
  36 0.619495 610.5 292.223
  37 0.636945 402.4 287.581
  38 0.654396 722 288.589
  39 0.671846 722 291.59
  40 0.689297 410.6 294.39
  41 0.706747 609.48 290.344
  42 0.724198 423.92 283.155
  43 0.741649 722 291.129
  44 0.759099 722 289.743
  45 0.77655 392.59 290.075
  46 0.794 604.06 289.407
  47 0.811451 447.35 290.329
  48 0.828901 722 289.908
  49 0.846352 722 289.404
  50 0.863802 380.17 291.725
  51 0.881253 591.66 289.54
  52 0.898704 472.17 291.192
  53 0.916154 722 289.593
  54 0.933605 722 289.938
  55 0.951055 361 293.362
  56 0.968506 361 0.0283984
  57 0.985956 722 85.5932
  58 1.00341 0 0
120000 58 33660
  1 0.00872528 800 0.00245022
  2 0.0261758 400 0.00105723
  3 0.0436264 800 311.862
  4 0.0610769 800 309.331
  5 0.0785275 799.99 309.881
  6 0.095978 400.01 308.127
  7 0.113429 400.03 307.284
  8 0.130879 799.97 308.231
  9 0.14833 800 309.348
  10 0.16578 800 311.483
  11 0.183231 450.33 310.126
  12 0.200681 749.46 310.564
  13 0.218132 400.21 308.288
  14 0.235582 800 310.43
  15 0.253033 800 309.382
  16 0.270484 794.46 310.399
  17 0.287934 398.92 309.844
  18 0.305385 412.66 310.431
  19 0.322835 393.96 307.705
  20 0.340286 595.1 287.69
  21 0.357736 486.9 293.787
  22 0.375187 362 292.155
  23 0.392637 722 293.39
  24 0.410088 722 288.15
  25 0.427539 489.38 289.499
  26 0.444989 576.05 289.659
  27 0.46244 378.57 294.804
  28 0.47989 722 290.981
  29 0.497341 722 289.206
  30 0.514791 457.47 290.654
  31 0.532242 597.98 291.036
  32 0.549692 388.55 291.858
  33 0.567143 722 291.827
  34 0.584594 722 291.15
  35 0.602044 433.18 289.216
  36 0.619495 607.24 291.738
  37 0.636945 403.58 292.047
  38 0.654396 722 291.8
  39 0.671846 722 288.942
  40 0.689297 409.73 290.487
  41 0.706747 609.62 290.98
  42 0.724198 424.65 290.207
  43 0.741649 722 289.813
  44 0.759099 722 290.102
  45 0.77655 393.54 291.194
  46 0.794 602.92 290.155
  47 0.811451 447.54 291.046
  48 0.828901 722 290.244
  49 0.846352 722 290.01
  50 0.863802 380.02 290.116
  51 0.881253 591.35 291.047
  52 0.898704 472.63 289.192
  53 0.916154 722 291.223
  54 0.933605 722 290.491
  55 0.951055 361 297.629
  56 0.968506 361 0.0283984
  57 0.985956 722 91.0861
  58 1.00341 0 0
160000 58 33660.000000000015
  1 0.00872528 800 0.00262177
  2 0.0261758 400 0.00105723
  3 0.0436264 800 307.606
  4 0.0610769 800 309.916
  5 0.0785275 800 309.196
  6 0.095978 400 309.901
  7 0.113429 400.02 310.367
  8 0.130879 799.98 310.222
  9 0.14833 800 309.014
  10 0.16578 800 309.97
  11 0.183231 449.67 309.547
  12 0.200681 750.18 311.036
  13 0.218132 400.15 309.425
  14 0.235582 800 308.004
  15 0.253033 800 308.151
  16 0.270484 795.21 306.831
  17 0.287934 398.85 308.9
  18 0.305385 411.79 311.105
  19 0.322835 394.15 310.288
  20 0.340286 596.98 292.876
  21 0.357736 485.1 291.847
  22 0.375187 361.92 288.568
  23 0.392637 722 289.104
  24 0.410088 722 287.701
  25 0.427539 492.62 287.969
  26 0.444989 573.1 290.202
  27 0.46244 378.28 295.069
  28 0.47989 722 291.916
  29 0.497341 722 290.707
  30 0.514791 463.25 288.683
  31 0.532242 593.39 286.04
  32 0.549692 387.36 290.754
  33 0.567143 722 291.776
  34 0.584594 722 293.944
  35 0.602044 435.23 288.741
  36 0.619495 607.24 291.599
  37 0.636945 401.53 290.57
  38 0.654396 722 289.094
  39 0.671846 722 292.388
  40 0.689297 411.63 292.649
  41 0.706747 611.9 289.678
  42 0.724198 420.47 287.507
  43 0.741649 722 292.219
  44 0.759099 722 291.771
  45 0.77655 394.99 291.91
  46 0.794 606.49 291.4
  47 0.811451 442.52 287.985
  48 0.828901 722 291.927
  49 0.846352 722 290.448
  50 0.863802 380.38 291.361
  51 0.881253 592.56 289.631
  52 0.898704 471.06 290.828
  53 0.916154 722 289.229
  54 0.933605 722 290.298
  55 0.951055 361 293.566
  56 0.968506 361 0.0283984
  57 0.985956 722 93.9318
  58 1.00341 0 0
200000 58 33660
  1 0.00872528 800 0.00248581
  2 0.0261758 400 0.00105723
  3 0.0436264 800 313.543
  4 0.0610769 800 310.125
  5 0.0785275 799.99 310.349
  6 0.095978 400.01 309.521
  7 0.113429 400.03 311.391
  8 0.130879 799.97 309.424
  9 0.14833 800 309.706
  10 0.16578 800 308.129
  11 0.183231 447.41 308.547
  12 0.200681 752.44 310.191
  13 0.218132 400.15 308.782
  14 0.235582 800 309.895
  15 0.253033 800 307.036
  16 0.270484 794.33 308.593
  17 0.287934 398.98 308.899
  18 0.305385 412.76 307.666
  19 0.322835 393.93 311.234
  20 0.340286 594.73 291.924
  21 0.357736 487.1 291.535
  22 0.375187 362.17 293.82
  23 0.392637 722 288.803
  24 0.410088 722 290.524
  25 0.427539 487.19 292.09
  26 0.444989 576.72 289.839
  27 0.46244 380.09 285.575
  28 0.47989 722 292.119
  29 0.497341 722 293.973
  30 0.514791 458.36 291.971
  31 0.532242 595.18 292.655
  32 0.549692 390.46 301.103
  33 0.567143 722 292.352
  34 0.584594 722 290.671
  35 0.602044 430.03 290.781
  36 0.619495 608.71 290.619
  37 0.636945 405.26 294.574
  38 0.654396 722 290.172
  39 0.671846 722 291.358
  40 0.689297 407.77 288.182
  41 0.706747 611.39 288.519
  42 0.724198 424.84 292.755
  43 0.741649 722 289.688
  44 0.759099 722 290.139
  45 0.77655 390.91 289.586
  46 0.794 602.5 290.557
  47 0.811451 450.59 290.818
  48 0.828901 722 291.015
  49 0.846352 722 289.729
  50 0.863802 379.86 289.269
  51 0.881253 590.59 291.112
  52 0.898704 473.55 289.381
  53 0.916154 722 289.49
  54 0.933605 722 289.713
  55 0.951055 361 289.226
  56 0.968506 361 0.0283984
  57 0.985956 722 101.387
  58 1.00341 0 0
240000 58 33660.00000000001
  1 0.00872528 800 0.00262566
  2 0.0261758 400 0.00105723
  3 0.0436264 800 310.421
  4 0.0610769 800 310.401
  5 0.0785275 799.97 310.896
  6 0.095978 400.03 309.447
  7 0.113429 400.01 311.904
  8 0.130879 799.99 310.004
  9 0.14833 800 310.947
  10 0.16578 800 309.709
  11 0.183231 447.97 307.358
  12 0.200681 751.87 309.007
  13 0.218132 400.16 310.339
  14 0.235582 800 310.298
  15 0.253033 800 307.917
  16 0.270484 794.72 309.026
  17 0.287934 398.85 307.159
  18 0.305385 412.46 307.283
  19 0.322835 393.97 306.897
  20 0.340286 595.12 292.786
  21 0.357736 486.92 292.895
  22 0.375187 361.96 291.366
  23 0.392637 722 292.205
  24 0.410088 722 293.009
  25 0.427539 488.95 295.327
  26 0.444989 574.88 292.636
  27 0.46244 380.17 289.573
  28 0.47989 722 291.623
  29 0.497341 722 291.919
  30 0.514791 457.53 292.699
  31 0.532242 596.57 294.195
  32 0.549692 389.9 296.885
  33 0.567143 722 290.056
  34 0.584594 722 292.176
  35 0.602044 431.61 287.245
  36 0.619495 607.56 287.166
  37 0.636945 404.83 287.763
  38 0.654396 722 289.281
  39 0.671846 722 287.41
  40 0.689297 410.76 291.1
  41 0.706747 612.1 291.676
  42 0.724198 421.14 284.667
  43 0.741649 722 289.668
  44 0.759099 722 290.283
  45 0.77655 394.61 289.648
  46 0.794 604.65 289.484
  47 0.811451 444.74 289.488
  48 0.828901 722 289.914
  49 0.846352 722 288.835
  50 0.863802 379.97 288.832
  51 0.881253 591.7 290.221
  52 0.898704 472.33 290.134
  53 0.916154 722 289.54
  54 0.933605 722 290.556
  55 0.951055 361 289.9
  56 0.968506 361 0.0283984
  57 0.985956 722 102.205
  58 1.00341 0 0
280000 58 33660
  1 0.00872528 800 0.00289936
  2 0.0261758 400 0.00105723
  3 0.0436264 800 311.345
  4 0.0610769 800 308.17
  5 0.0785275 800 311.398
  6 0.095978 400 311.034
  7 0.113429 400 312.819
  8 0.130879 800 309.734
  9 0.14833 800 308.841
  10 0.16578 800 310.029
  11 0.183231 446.41 308.505
  12 0.200681 753.35 310.364
  13 0.218132 400.24 310.296
  14 0.235582 800 309.148
  15 0.253033 800 308.321
  16 0.270484 794.66 308.742
  17 0.287934 398.77 308.715
  18 0.305385 412.06 308.117
  19 0.322835 394.51 311.271
  20 0.340286 591.22 291.333
  21 0.357736 490.76 293.484
  22 0.375187 362.02 285.569
  23 0.392637 722 292.208
  24 0.410088 722 289.784
  25 0.427539 484.77 288.437
  26 0.444989 580.25 288.897
  27 0.46244 378.98 288.464
  28 0.47989 722 286.305
  29 0.497341 722 289.073
  30 0.514791 455.56 290.701
  31 0.532242 598.42 292.262
  32 0.549692 390.02 292.992
  33 0.567143 722 289.013
  34 0.584594 722 290.199
  35 0.602044 430.67 293.109
  36 0.619495 608.4 291.668
  37 0.636945 404.93 284.333
  38 0.654396 722 290.527
  39 0.671846 722 290.127
  40 0.689297 409.64 289.433
  41 0.706747 612.07 292.028
  42 0.724198 422.29 287.298
  43 0.741649 722 288.372
  44 0.759099 722 289.741
  45 0.77655 393.27 291.712
  46 0.794 604.29 289.94
  47 0.811451 446.44 289.587
  48 0.828901 722 289.365
  49 0.846352 722 289.054
  50 0.863802 379.67 287.954
  51 0.881253 590.89 289.758
  52 0.898704 473.44 290.309
  53 0.916154 722 290.892
  54 0.933605 722 290.142
  55 0.951055 361 299.288
  56 0.968506 361 0.0283984
  57 0.985956 722 105.698
  58 1.00341 0 0
320000 58 33660
  1 0.00872528 800 0.00292231
  2 0.0261758 400 0.00105723
  3 0.0436264 800 307.433
  4 0.0610769 800 310.043
  5 0.0785275 800 308.57
  6 0.095978 400 308.565
  7 0.113429 400.02 308.782
  8 0.130879 799.98 310.532
  9 0.14833 800 310.33
  10 0.16578 800 310.869
  11 0.183231 450.72 310.749
  12 0.200681 749.09 311.118
  13 0.218132 400.19 307.787
  14 0.235582 800 309.049
  15 0.253033 800 309.541
  16 0.270484 794.73 309.321
  17 0.287934 398.92 308.151
  18 0.305385 412.82 306.013
  19 0.322835 393.53 307.462
  20 0.340286 592.94 295.246
  21 0.357736 488.95 293.08
  22 0.375187 362.11 285.516
  23 0.392637 722 291.075
  24 0.410088 722 290.199
  25 0.427539 487.04 293.721
  26 0.444989 576.96 293.438
  27 0.46244 380 288.024
  28 0.47989 722 289.32
  29 0.497341 722 287.187
  30 0.514791 456.63 293.547
  31 0.532242 595.62 289.676
  32 0.549692 391.75 289.957
  33 0.567143 722 290.957
  34 0.584594 722 293.997
  35 0.602044 428.44 292.717
  36 0.619495 608.54 295.314
  37 0.636945 407.02 290.658
  38 0.654396 722 293.351
  39 0.671846 722 292.081
  40 0.689297 406.53 294.563
  41 0.706747 609.9 290.036
  42 0.724198 427.57 289.258
  43 0.741649 722 289.251
  44 0.759099 722 295.658
  45 0.77655 390.56 289.275
  46 0.794 601.05 291.487
  47 0.811451 452.39 288.989
  48 0.828901 722 289.986
  49 0.846352 722 288.565
  50 0.863802 379.07 288.772
  51 0.881253 588.33 291.005
  52 0.898704 476.6 290.395
  53 0.916154 722 290.014
  54 0.933605 722 289.66
  55 0.951055 361 301.777
  56 0.968506 361 0.0283984
  57 0.985956 722 107.624
  58 1.00341 0 0
360000 58 33660
  1 0.00872528 800 0.0029038
  2 0.0261758 400 0.00105723
  3 0.0436264 800 314.773
  4 0.0610769 800 311.541
  5 0.0785275 799.99 308.419
  6 0.095978 400.01 309.031
  7 0.113429 400 307.872
  8 0.130879 800 309.573
  9 0.14833 800 309.722
  10 0.16578 800 308.076
  11 0.183231 449.66 309.77
  12 0.200681 750.24 310.095
  13 0.218132 400.1 311.297
  14 0.235582 800 308.941
  15 0.253033 800 304.857
  16 0.270484 794.75 307.717
  17 0.287934 398.99 308.705
  18 0.305385 412.49 306.275
  19 0.322835 393.77 304.172
  20 0.340286 596.55 297.161
  21 0.357736 485.5 294.407
  22 0.375187 361.95 289.661
  23 0.392637 722 297.179
  24 0.410088 722 291.407
  25 0.427539 490.47 296.36
  26 0.444989 573.88 298.007
  27 0.46244 379.65 296.091
  28 0.47989 722 293.898
  29 0.497341 722 290.105
  30 0.514791 457.96 292.866
  31 0.532242 596.88 291.642
  32 0.549692 389.16 289.776
  33 0.567143 722 293.474
  34 0.584594 722 293.676
  35 0.602044 431.05 293.966
  36 0.619495 609.07 293.582
  37 0.636945 403.88 292.426
  38 0.654396 722 292.698
  39 0.671846 722 293.472
  40 0.689297 409.06 288.779
  41 0.706747 611.04 288.877
  42 0.724198 423.9 289.219
  43 0.741649 722 291.53
  44 0.759099 722 290.555
  45 0.77655 391.7 290.965
  46 0.794 604.62 292.016
  47 0.811451 447.68 291.849
  48 0.828901 722 290.328
  49 0.846352 722 290.39
  50 0.863802 379.27 288.008
  51 0.881253 589.52 288.8
  52 0.898704 475.21 291.044
  53 0.916154 722 291.675
  54 0.933605 722 289.02
  55 0.951055 361 291.637
  56 0.968506 361 0.0283984
  57 0.985956 722 110.655
  58 1.00341 0 0
400000 58 33660
  1 0.00872528 800 0.00322249
  2 0.0261758 400 0.00105723
  3 0.0436264 800 310.836
  4 0.0610769 800 310.472
  5 0.0785275 799.96 312.254
  6 0.095978 400.04 311.057
  7 0.113429 400 310.722
  8 0.130879 800 310.995
  9 0.14833 800 310.198
  10 0.16578 800 309.598
  11 0.183231 448.5 309.801
  12 0.200681 751.22 312.603
  13 0.218132 400.28 312.269
  14 0.235582 800 311.49
  15 0.253033 800 311.014
  16 0.270484 794.29 309.322
  17 0.287934 398.84 311.801
  18 0.305385 412.89 311.36
  19 0.322835 393.98 311.803
  20 0.340286 591.42 294.723
  21 0.357736 490.43 289.097
  22 0.375187 362.15 289.816
  23 0.392637 722 291.937
  24 0.410088 722 292.824
  25 0.427539 486.33 293.478
  26 0.444989 576.44 293.528
  27 0.46244 381.23 302.501
  28 0.47989 722 293.123
  29 0.497341 722 290.881
  30 0.514791 456.89 291.182
  31 0.532242 594.87 291.538
  32 0.549692 392.24 290.826
  33 0.567143 722 291.678
  34 0.584594 722 294.66
  35 0.602044 430.55 292.725
  36 0.619495 606.04 291.447
  37 0.636945 407.41 293.201
  38 0.654396 722 291.45
  39 0.671846 722 289.761
  40 0.689297 408.06 290.306
  41 0.706747 610 291.875
  42 0.724198 425.94 287.792
  43 0.741649 722 291.381
  44 0.759099 722 291.455
  45 0.77655 391.98 287.895
  46 0.794 603.55 288.477
  47 0.811451 448.47 290.285
  48 0.828901 722 289.81
  49 0.846352 722 291.411
  50 0.863802 379.62 290.098
  51 0.881253 591.58 291.417
  52 0.898704 472.8 292.023
  53 0.916154 722 294.018
  54 0.933605 722 291.499
  55 0.951055 361 293.978
  56 0.968506 361 0.0283984
  57 0.985956 722 110.736
  58 1.00341 0 0
440000 58 33660
  1 0.00872528 800 0.00310806
  2 0.0261758 400 0.00105723
  3 0.0436264 800 306.106
  4 0.0610769 800 308.164
  5 0.0785275 799.99 310.178
  6 0.095978 400.01 310.237
  7 0.113429 400.01 309.81
  8 0.130879 799.99 309.231
  9 0.14833 800 310.702
  10 0.16578 800 309.981
  11 0.183231 450.39 310.459
  12 0.200681 749.41 310.061
  13 0.218132 400.2 311.155
  14 0.235582 800 310.761
  15 0.253033 800 313.172
  16 0.270484 794.46 310.178
  17 0.287934 399.1 310.809
  18 0.305385 412.69 313.023
  19 0.322835 393.75 309.895
  20 0.340286 599.2 291.164
  21 0.357736 482.83 291.108
  22 0.375187 361.97 288.431
  23 0.392637 722 298.974
  24 0.410088 722 294.876
  25 0.427539 490.8 294.099
  26 0.444989 574.67 295.199
  27 0.46244 378.53 292.167
  28 0.47989 722 293.769
  29 0.497341 722 292.915
  30 0.514791 459.73 294.342
  31 0.532242 595.28 291.908
  32 0.549692 388.99 294.025
  33 0.567143 722 294.522
  34 0.584594 722 294.03
  35 0.602044 431.99 294.494
  36 0.619495 609.77 296.737
  37 0.636945 402.24 290.495
  38 0.654396 722 290.569
  39 0.671846 722 288.167
  40 0.689297 411.69 291.355
  41 0.706747 611.93 289.734
  42 0.724198 420.38 287.86
  43 0.741649 722 290.796
  44 0.759099 722 290.825
  45 0.77655 394.32 291.576
  46 0.794 605.66 289.86
  47 0.811451 444.02 289.478
  48 0.828901 722 290.803
  49 0.846352 722 291.027
  50 0.863802 379.94 288.581
  51 0.881253 593.25 288.937
  52 0.898704 470.81 289.812
  53 0.916154 722 289.449
  54 0.933605 722 288.226
  55 0.951055 361 287.703
  56 0.968506 361 0.0283984
  57 0.985956 722 111.369
  58 1.00341 0 0
480000 58 33660
  1 0.00872528 800 0.00304256
  2 0.0261758 400 0.00105723
  3 0.0436264 800 309.478
  4 0.0610769 800 309.646
  5 0.0785275 800 310.826
  6 0.095978 400 312.91
  7 0.113429 400.04 311.311
  8 0.130879 799.96 309.654
  9 0.14833 800 309.829
  10 0.16578 800 310.545
  11 0.183231 448.75 310.665
  12 0.200681 751.03 308.64
  13 0.218132 400.22 310.888
  14 0.235582 800 309.979
  15 0.253033 800 310.518
  16 0.270484 794.58 311.26
  17 0.287934 399.13 311.118
  18 0.305385 412.05 313.111
  19 0.322835 394.24 310.471
  20 0.340286 597.81 289.519
  21 0.357736 484.22 294.153
  22 0.375187 361.97 291.564
  23 0.392637 722 292.84
  24 0.410088 722 289.731
  25 0.427539 491.45 291.663
  26 0.444989 573.91 294.282
  27 0.46244 378.64 293.398
  28 0.47989 722 296.434
  29 0.497341 722 293.718
  30 0.514791 460.66 294.631
  31 0.532242 594.46 292.245
  32 0.549692 388.88 287.148
  33 0.567143 722 291.068
  34 0.584594 722 289.685
  35 0.602044 433.74 294.763
  36 0.619495 607.25 291.433
  37 0.636945 403.01 291.397
  38 0.654396 722 291.557
  39 0.671846 722 289.939
  40 0.689297 410.02 288.822
  41 0.706747 611.97 289.654
  42 0.724198 422.01 287.217
  43 0.741649 722 287.652
  44 0.759099 722 286.36
  45 0.77655 394.09 289.266
  46 0.794 604.89 292.234
  47 0.811451 445.02 289.794
  48 0.828901 722 289.453
  49 0.846352 722 290.414
  50 0.863802 379.91 289.515
  51 0.881253 592.3 289.278
  52 0.898704 471.79 288.768
  53 0.916154 722 291.239
  54 0.933605 722 289.52
  55 0.951055 361 297.258
  56 0.968506 361 0.0283984
  57 0.985956 722 114.615
  58 1.00341 0 0
520000 58 33660
  1 0.00872528 800 0.00302093
  2 0.0261758 400 0.00105723
  3 0.0436264 800 308.516
  4 0.0610769 800 310.024
  5 0.0785275 799.99 309.304
  6 0.095978 400.01 309.624
  7 0.113429 400 309.955
  8 0.130879 800 309.403
  9 0.14833 800 311.476
  10 0.16578 800 309.827
  11 0.183231 449.49 308.486
  12 0.200681 750.38 309.573
  13 0.218132 400.13 306.957
  14 0.235582 800 308.22
  15 0.253033 800 306.16
  16 0.270484 794.8 305.877
  17 0.287934 399.18 309.113
  18 0.305385 411.98 308.302
  19 0.322835 394.04 305.368
  20 0.340286 595.33 295.09
  21 0.357736 486.6 297.379
  22 0.375187 362.07 302.254
  23 0.392637 722 294.903
  24 0.410088 722 289.376
  25 0.427539 486.17 289.146
  26 0.444989 578.99 288.138
  27 0.46244 378.84 290.048
  28 0.47989 722 292.557
  29 0.497341 722 290.653
  30 0.514791 455.49 290.036
  31 0.532242 599.73 288.511
  32 0.549692 388.78 289.048
  33 0.567143 722 287.53
  34 0.584594 722 289.738
  35 0.602044 429.83 289.787
  36 0.619495 609.77 287.029
  37 0.636945 404.4 285.549
  38 0.654396 722 287.41
  39 0.671846 722 291.052
  40 0.689297 409.05 289.819
  41 0.706747 613.62 286.022
  42 0.724198 421.33 279.329
  43 0.741649 722 284.265
  44 0.759099 722 290.458
  45 0.77655 393.36 290.195
  46 0.794 607.11 289.463
  47 0.811451 443.53 290.166
  48 0.828901 722 289.551
  49 0.846352 722 288.752
  50 0.863802 379.95 290.056
  51 0.881253 591.75 289.88
  52 0.898704 472.3 291.592
  53 0.916154 722 290.754
  54 0.933605 722 288.842
  55 0.951055 361 291.889
  56 0.968506 361 0.0283984
  57 0.985956 722 114.892
  58 1.00341 0 0
560000 58 33660
  1 0.00872528 800 0.00323099
  2 0.0261758 400 0.00105723
  3 0.0436264 800 310.345
  4 0.0610769 800 310.636
  5 0.0785275 799.99 308.729
  6 0.095978 400.01 310.935
  7 0.113429 400.02 311.421
  8 0.130879 799.98 311.318
  9 0.14833 800 309.497
  10 0.16578 800 308.837
  11 0.183231 450.29 308.949
  12 0.200681 749.47 311.156
  13 0.218132 400.24 310.24
  14 0.235582 800 309.675
  15 0.253033 800 309.391
  16 0.270484 794.29 309.592
  17 0.287934 399.02 309.925
  18 0.305385 412.8 309.501
  19 0.322835 393.89 306.637
  20 0.340286 596.07 295.112
  21 0.357736 486.11 297.342
  22 0.375187 361.82 304.023
  23 0.392637 722 291.534
  24 0.410088 722 289.143
  25 0.427539 490.07 291.691
  26 0.444989 576.17 289.966
  27 0.46244 377.76 288.817
  28 0.47989 722 288.115
  29 0.497341 722 289.249
  30 0.514791 461.71 289.439
  31 0.532242 595.09 288.457
  32 0.549692 387.2 285.104
  33 0.567143 722 290.946
  34 0.584594 722 285.669
  35 0.602044 433.04 289.556
  36 0.619495 609.56 291.753
  37 0.636945 401.4 287.846
  38 0.654396 722 291.849
  39 0.671846 722 295.565
  40 0.689297 411.06 291.202
  41 0.706747 611.31 291.808
  42 0.724198 421.63 292.618
  43 0.741649 722 288.76
  44 0.759099 722 288.878
  45 0.77655 393.48 290.356
  46 0.794 606.76 289.178
  47 0.811451 443.76 290.362
  48 0.828901 722 290.478
  49 0.846352 722 290.135
  50 0.863802 380.28 289.169
  51 0.881253 592.99 289.872
  52 0.898704 470.73 290.681
  53 0.916154 722 289.352
  54 0.933605 722 288.585
  55 0.951055 361 292.698
  56 0.968506 361 0.0283984
  57 0.985956 722 118.672
  58 1.00341 0 0
600000 58 33660
  1 0.00872528 800 0.00352522
  2 0.0261758 400 0.00105723
  3 0.0436264 800 311.585
  4 0.0610769 800 308.818
  5 0.0785275 799.96 309.938
  6 0.095978 400.04 307.546
  7 0.113429 400.02 308.744
  8 0.130879 799.98 309.001
  9 0.14833 800 309.667
  10 0.16578 800 310.823
  11 0.183231 449.48 310.436
  12 0.200681 750.3 309.747
  13 0.218132 400.22 312.134
  14 0.235582 800 310.089
  15 0.253033 800 311.023
  16 0.270484 794.69 311.257
  17 0.287934 398.39 308.67
  18 0.305385 413.02 308.572
  19 0.322835 393.9 311.664
  20 0.340286 597.23 291.994
  21 0.357736 484.94 289.124
  22 0.375187 361.83 298.834
  23 0.392637 722 292.093
  24 0.410088 722 294.118
  25 0.427539 490.05 294.101
  26 0.444989 574.96 291.676
  27 0.46244 378.99 287.677
  28 0.47989 722 290.908
  29 0.497341 722 293.733
  30 0.514791 458.28 293.704
  31 0.532242 597.93 288.453
  32 0.549692 387.79 287.262
  33 0.567143 722 290.968
  34 0.584594 722 293.835
  35 0.602044 432.44 291.083
  36 0.619495 608.21 288.843
  37 0.636945 403.35 290.251
  38 0.654396 722 289.854
  39 0.671846 722 289.82
  40 0.689297 409.25 293.559
  41 0.706747 609.75 290.282
  42 0.724198 425 285.123
  43 0.741649 722 291.945
  44 0.759099 722 289.095
  45 0.77655 391.5 287.62
  46 0.794 604.38 291.708
  47 0.811451 448.12 289.619
  48 0.828901 722 287.829
  49 0.846352 722 290.186
  50 0.863802 378.67 290.04
  51 0.881253 592 290.616
  52 0.898704 473.33 291.101
  53 0.916154 722 290.272
  54 0.933605 722 288.614
  55 0.951055 361 291.733
  56 0.968506 361 0.0283984
  57 0.985956 722 118.813
  58 1.00341 0 0
640000 58 33660
  1 0.00872528 800 0.00366794
  2 0.0261758 400 0.00105723
  3 0.0436264 800 310.937
  4 0.0610769 800 311.266
  5 0.0785275 800 310.741
  6 0.095978 400 309.182
  7 0.113429 400 307.679
  8 0.130879 800 309.019
  9 0.14833 800 309.55
  10 0.16578 800 310.257
  11 0.183231 445.22 309.72
  12 0.200681 754.58 310.297
  13 0.218132 400.2 310.881
  14 0.235582 800 307.158
  15 0.253033 800 307.289
  16 0.270484 794.83 309.4
  17 0.287934 398.95 308.764
  18 0.305385 412 310.462
  19 0.322835 394.22 311.454
  20 0.340286 592.62 291.465
  21 0.357736 489.28 295.528
  22 0.375187 362.1 287.065
  23 0.392637 722 288.17
  24 0.410088 722 291.863
  25 0.427539 482.88 292.542
  26 0.444989 580.63 292.781
  27 0.46244 380.49 292.324
  28 0.47989 722 291.652
  29 0.497341 722 289.938
  30 0.514791 455.21 291.83
  31 0.532242 598.55 289.286
  32 0.549692 390.24 286.63
  33 0.567143 722 290.716
  34 0.584594 722 290.101
  35 0.602044 429.68 288.839
  36 0.619495 609.06 287.605
  37 0.636945 405.26 290.862
  38 0.654396 722 290.429
  39 0.671846 722 291.355
  40 0.689297 408.39 288.86
  41 0.706747 610.29 289.102
  42 0.724198 425.32 284.83
  43 0.741649 722 286.248
  44 0.759099 722 287.048
  45 0.77655 391.39 288.29
  46 0.794 603.98 287.958
  47 0.811451 448.63 288.772
  48 0.828901 722 291.881
  49 0.846352 722 290.226
  50 0.863802 378.6 289.25
  51 0.881253 590.8 289.561
  52 0.898704 474.6 289.599
  53 0.916154 722 291.389
  54 0.933605 722 291.625
  55 0.951055 361 292.023
  56 0.968506 361 0.0283984
  57 0.985956 722 122.687
  58 1.00341 0 0
680000 58 33660
  1 0.00872528 800 0.00354695
  2 0.0261758 400 0.00105723
  3 0.0436264 800 306.854
  4 0.0610769 800 309.784
  5 0.0785275 799.99 309.277
  6 0.095978 400.01 311.566
  7 0.113429 400.01 308.367
  8 0.130879 799.99 309.003
  9 0.14833 800 310.372
  10 0.16578 800 312.254
  11 0.183231 448.14 311.207
  12 0.200681 751.68 308.438
  13 0.218132 400.18 310.527
  14 0.235582 800 309.377
  15 0.253033 800 309.501
  16 0.270484 793.91 309.526
  17 0.287934 399.56 308.174
  18 0.305385 412.27 310.125
  19 0.322835 394.26 306.067
  20 0.340286 594.03 295.355
  21 0.357736 488.07 289.617
  22 0.375187 361.9 288.277
  23 0.392637 722 289.448
  24 0.410088 722 291.525
  25 0.427539 487.32 288.609
  26 0.444989 578.05 288.177
  27 0.46244 378.63 291.57
  28 0.47989 722 288.846
  29 0.497341 722 291.419
  30 0.514791 459.63 292.55
  31 0.532242 595.59 295.519
  32 0.549692 388.78 298.757
  33 0.567143 722 291.342
  34 0.584594 722 285.885
  35 0.602044 433.89 291.039
  36 0.619495 606.4 290.231
  37 0.636945 403.71 283.091
  38 0.654396 722 288.356
  39 0.671846 722 287.288
  40 0.689297 412.09 291.651
  41 0.706747 610.82 291.366
  42 0.724198 421.09 293.695
  43 0.741649 722 289.76
  44 0.759099 722 285.056
  45 0.77655 393.78 288.219
  46 0.794 607.05 290.618
  47 0.811451 443.17 290.559
  48 0.828901 722 288.437
  49 0.846352 722 290.338
  50 0.863802 380.9 287.911
  51 0.881253 594.3 287.348
  52 0.898704 468.8 291.467
  53 0.916154 722 290.089
  54 0.933605 722 288.629
  55 0.951055 361 294.804
  56 0.968506 361 0.0283984
  57 0.985956 722 123.849
  58 1.00341 0 0
720000 58 33660
  1 0.00872528 800 0.00347486
  2 0.0261758 400 0.00105723
  3 0.0436264 800 310.705
  4 0.0610769 800 309.921
  5 0.0785275 799.99 308.566
  6 0.095978 400.01 310.218
  7 0.113429 400.01 309.12
  8 0.130879 799.99 309.774
  9 0.14833 800 311.978
  10 0.16578 800 310.057
  11 0.183231 448.58 308.949
  12 0.200681 751.24 309.958
  13 0.218132 400.18 310.863
  14 0.235582 800 309.988
  15 0.253033 800 309.003
  16 0.270484 793.9 308.662
  17 0.287934 399.41 309.012
  18 0.305385 412.53 308.374
  19 0.322835 394.16 311.034
  20 0.340286 593.34 292.656
  21 0.357736 488.67 294.21
  22 0.375187 361.99 292.644
  23 0.392637 722 289.021
  24 0.410088 722 291.41
  25 0.427539 487.82 291.387
  26 0.444989 576.28 290.875
  27 0.46244 379.9 292.559
  28 0.47989 722 285.926
  29 0.497341 722 289.071
  30 0.514791 455.8 288.17
  31 0.532242 597.16 289.414
  32 0.549692 391.04 287.74
  33 0.567143 722 290.642
  34 0.584594 722 289.03
  35 0.602044 431.46 290.816
  36 0.619495 608.41 292.25
  37 0.636945 404.13 288.89
  38 0.654396 722 291.781
  39 0.671846 722 289.59
  40 0.689297 409.65 293.006
  41 0.706747 613.25 293.002
  42 0.724198 421.1 293.178
  43 0.741649 722 293.679
  44 0.759099 722 291.615
  45 0.77655 392.83 290.922
  46 0.794 605.73 289.446
  47 0.811451 445.44 291.478
  48 0.828901 722 289.634
  49 0.846352 722 290.214
  50 0.863802 380.1 291.587
  51 0.881253 592.99 290.971
  52 0.898704 470.91 291.663
  53 0.916154 722 289.233
  54 0.933605 722 289.926
  55 0.951055 361 293.885
  56 0.968506 361 0.0283984
  57 0.985956 722 122.86
  58 1.00341 0 0
760000 58 33660
  1 0.00872528 800 0.00357755
  2 0.0261758 400 0.00105723
  3 0.0436264 800 311.827
  4 0.0610769 800 311.827
  5 0.0785275 799.98 310.405
  6 0.095978 400.02 311.904
  7 0.113429 400.02 311.939
  8 0.130879 799.98 311.108
  9 0.14833 800 309.964
  10 0.16578 800 309.397
  11 0.183231 447 311.476
  12 0.200681 752.8 309.649
  13 0.218132 400.2 311.85
  14 0.235582 800 311.148
  15 0.253033 800 312.276
  16 0.270484 794.3 311.369
  17 0.287934 399.47 311.652
  18 0.305385 411.65 311.938
  19 0.322835 394.58 312.12
  20 0.340286 593 292.092
  21 0.357736 488.97 295.408
  22 0.375187 362.03 295.037
  23 0.392637 722 293.965
  24 0.410088 722 289.602
  25 0.427539 484.14 292.569
  26 0.444989 579.83 293.26
  27 0.46244 380.03 292.618
  28 0.47989 722 292.084
  29 0.497341 722 289.078
  30 0.514791 453.62 291.205
  31 0.532242 599.31 289.289
  32 0.549692 391.07 288.155
  33 0.567143 722 285.321
  34 0.584594 722 289.557
  35 0.602044 428.32 291.923
  36 0.619495 609.97 291.657
  37 0.636945 405.71 293.116
  38 0.654396 722 292.426
  39 0.671846 722 291.38
  40 0.689297 408.5 291.042
  41 0.706747 610.22 291.891
  42 0.724198 425.28 291.761
  43 0.741649 722 292.465
  44 0.759099 722 291.195
  45 0.77655 392.07 290.658
  46 0.794 601.32 288.863
  47 0.811451 450.61 291.305
  48 0.828901 722 290.195
  49 0.846352 722 289.193
  50 0.863802 378.66 291.241
  51 0.881253 591.01 289.546
  52 0.898704 474.33 289.536
  53 0.916154 722 287.401
  54 0.933605 722 289.849
  55 0.951055 361 289.431
  56 0.968506 361 0.0283984
  57 0.985956 722 123.508
  58 1.00341 0 0
800000 58 33660
  1 0.00872528 800 0.00364676
  2 0.0261758 400 0.00105723
  3 0.0436264 800 308.464
  4 0.0610769 800 310.004
  5 0.0785275 799.99 312.127
  6 0.095978 400.01 310.117
  7 0.113429 400 308.302
  8 0.130879 800 310.246
  9 0.14833 800 311.507
  10 0.16578 800 310.509
  11 0.183231 448.08 309.783
  12 0.200681 751.72 309.638
  13 0.218132 400.2 308.609
  14 0.235582 800 308.851
  15 0.253033 800 309.515
  16 0.270484 794.41 309.859
  17 0.287934 399.04 310.357
  18 0.305385 412 311.272
  19 0.322835 394.55 311.16
  20 0.340286 591.21 292.826
  21 0.357736 490.7 293.018
  22 0.375187 362.09 296.069
  23 0.392637 722 294.517
  24 0.410088 722 291.993
  25 0.427539 484.36 290.927
  26 0.444989 580.06 287.13
  27 0.46244 379.58 290.861
  28 0.47989 722 286.383
  29 0.497341 722 287.977
  30 0.514791 455.64 284.945
  31 0.532242 599.37 285.368
  32 0.549692 388.99 285.772
  33 0.567143 722 289.188
  34 0.584594 722 292.276
  35 0.602044 429.33 288.257
  36 0.619495 611.75 288.523
  37 0.636945 402.92 291.825
  38 0.654396 722 287.688
  39 0.671846 722 293.81
  40 0.689297 409.38 292.051
  41 0.706747 609.76 294.806
  42 0.724198 424.86 290.793
  43 0.741649 722 288.579
  44 0.759099 722 291.71
  45 0.77655 391.8 292.2
  46 0.794 603.22 290.337
  47 0.811451 448.98 292.253
  48 0.828901 722 290.165
  49 0.846352 722 288.561
  50 0.863802 378.32 290.531
  51 0.881253 590.62 290.105
  52 0.898704 475.06 290.56
  53 0.916154 722 288.358
  54 0.933605 722 289.18
  55 0.951055 361 284.843
  56 0.968506 361 0.0283984
  57 0.985956 722 124.249
  58 1.00341 0 0
