# Chunk-averaged data for fix favg and group all
# Timestep Number-of-chunks Total-count
# Chunk Coord1 Ncount temp
40000 58 33660
  1 0.00871344 800 0.00209449
  2 0.0261403 400 0.00105723
  3 0.0435672 798.07 305.959
  4 0.0609941 800.95 309.24
  5 0.078421 784.14 309.664
  6 0.0958478 421.83 309.953
  7 0.113275 401.17 311.347
  8 0.130702 795.84 309.186
  9 0.148128 795.84 308.945
  10 0.165555 797.15 309.823
  11 0.182982 408.1 309.11
  12 0.200409 545.94 310.129
  13 0.217836 658.15 312.048
  14 0.235263 787.85 310.373
  15 0.25269 771.52 309.458
  16 0.270117 586.09 308.648
  17 0.287543 529.21 309.871
  18 0.30497 450.35 309.854
  19 0.322397 468.55 308.952
  20 0.339824 142.74 295.566
  21 0.357251 574.75 294.852
  22 0.374678 721.67 291.281
  23 0.392105 721.09 290.6
  24 0.409532 429.26 291.321
  25 0.426959 538.69 288.333
  26 0.444385 481.05 288.426
  27 0.461812 722 287.386
  28 0.479239 722 290.055
  29 0.496666 375.35 290.498
  30 0.514093 681.64 287.102
  31 0.53152 387.01 283.685
  32 0.548947 722 284.218
  33 0.566374 722 288.051
  34 0.5838 603.75 290.486
  35 0.601227 479.2 287.864
  36 0.618654 361.05 284.773
  37 0.636081 722 291.19
  38 0.653508 722 288.171
  39 0.670935 693.55 287.442
  40 0.688362 389.39 289.449
  41 0.705789 361.06 284.551
  42 0.723215 722 288.263
  43 0.740642 722 290.203
  44 0.758069 721.99 293.296
  45 0.775496 361.01 290.699
  46 0.792923 361.02 290.932
  47 0.81035 721.98 289.826
  48 0.827777 722 288.511
  49 0.845204 722 292.184
  50 0.86263 361 291.088
  51 0.880057 392.99 289.998
  52 0.897484 690.01 288.866
  53 0.914911 722 290.324
  54 0.932338 722 289.557
  55 0.949765 361 290.619
  56 0.967192 361 0.0283984
  57 0.984619 722 57.5998
  58 1.00205 0 0
80000 58 33660
  1 0.00871344 800 0.00209449
  2 0.0261403 400 0.00105723
  3 0.0435672 798.08 311.848
  4 0.0609941 800.92 310.901
  5 0.078421 784.92 308.929
  6 0.0958478 420.9 309.666
  7 0.113275 401.42 311.564
  8 0.130702 795.85 309.423
  9 0.148128 795.75 310.144
  10 0.165555 797.14 309.93
  11 0.182982 408.19 309.07
  12 0.200409 546.41 310.637
  13 0.217836 657.49 310.225
  14 0.235263 787.99 312.051
  15 0.25269 771.39 309.707
  16 0.270117 587.18 309.294
  17 0.287543 527.98 309.383
  18 0.30497 450.57 308.805
  19 0.322397 468.51 308.01
  20 0.339824 144.57 286.602
  21 0.357251 573.05 288.457
  22 0.374678 721.61 292.637
  23 0.392105 721.07 284.691
  24 0.409532 429.79 288.479
  25 0.426959 540.7 287.267
  26 0.444385 478.52 291.359
  27 0.461812 722 288.33
  28 0.479239 722 289.816
  29 0.496666 376.12 289.825
  30 0.514093 678.6 288.665
  31 0.53152 389.28 290.748
  32 0.548947 722 287.607
  33 0.566374 722 289.32
  34 0.5838 601.88 287.831
  35 0.601227 481.06 288.863
  36 0.618654 361.06 290.874
  37 0.636081 722 288.278
  38 0.653508 722 292.921
  39 0.670935 691.24 293.864
  40 0.688362 391.72 288.025
  41 0.705789 361.04 293.347
  42 0.723215 722 288.798
  43 0.740642 722 293.007
  44 0.758069 722 288.812
  45 0.775496 361 294.064
  46 0.792923 361.01 289.922
  47 0.81035 721.99 291.077
  48 0.827777 722 291.343
  49 0.845204 722 290.293
  50 0.86263 361 291.495
  51 0.880057 393.07 289.299
  52 0.897484 689.93 290.22
  53 0.914911 722 290.105
  54 0.932338 722 290.213
  55 0.949765 361 293.295
  56 0.967192 361 0.0283984
  57 0.984619 722 57.5998
  58 1.00205 0 0
120000 58 33660.000000000015
  1 0.00871344 800 0.00209449
  2 0.0261403 400 0.00105723
  3 0.0435672 798.04 310.541
  4 0.0609941 800.96 307.979
  5 0.078421 784.13 308.933
  6 0.0958478 421.63 308.991
  7 0.113275 401.41 309.72
  8 0.130702 795.87 309.602
  9 0.148128 795.76 309.834
  10 0.165555 797.19 310.708
  11 0.182982 408.22 312.293
  12 0.200409 545.35 308.087
  13 0.217836 658.5 308.592
  14 0.235263 787.99 307.886
  15 0.25269 771.46 309.67
  16 0.270117 585.91 308.965
  17 0.287543 528.79 308.057
  18 0.30497 451.45 306.779
  19 0.322397 468.02 306.477
  20 0.339824 143.7 285.679
  21 0.357251 573.82 291.548
  22 0.374678 721.71 289.656
  23 0.392105 721.09 287.741
  24 0.409532 432.12 288.9
  25 0.426959 538.19 288.22
  26 0.444385 478.69 290.02
  27 0.461812 722 288.278
  28 0.479239 722 288.18
  29 0.496666 378.06 288.322
  30 0.514093 676.88 290.987
  31 0.53152 389.06 289.001
  32 0.548947 722 289.813
  33 0.566374 722 288.705
  34 0.5838 604.12 288.731
  35 0.601227 478.86 292.095
  36 0.618654 361.02 282.843
  37 0.636081 722 293.468
  38 0.653508 722 294.358
  39 0.670935 692 293.304
  40 0.688362 390.95 288.26
  41 0.705789 361.05 288.664
  42 0.723215 722 291.928
  43 0.740642 722 286.48
  44 0.758069 721.99 288.424
  45 0.775496 361.01 289.289
  46 0.792923 361.02 288.678
  47 0.81035 721.98 290.724
  48 0.827777 722 290.312
  49 0.845204 722 289.873
  50 0.86263 361 289.244
  51 0.880057 393.54 289.443
  52 0.897484 689.46 289.379
  53 0.914911 722 290.835
  54 0.932338 722 289.051
  55 0.949765 361 294.793
  56 0.967192 361 0.0283984
  57 0.984619 722 57.5998
  58 1.00205 0 0
160000 58 33660
  1 0.00871344 800 0.00209449
  2 0.0261403 400 0.00105723
  3 0.0435672 798.04 312.117
  4 0.0609941 800.96 310.117
  5 0.078421 784.4 311.948
  6 0.0958478 421.61 313.661
  7 0.113275 401.21 310.288
  8 0.130702 795.93 308.995
  9 0.148128 795.72 310.277
  10 0.165555 797.12 309.586
  11 0.182982 408.41 308.97
  12 0.200409 548.65 311.187
  13 0.217836 655.19 310.886
  14 0.235263 787.78 311.836
  15 0.25269 771.44 311.061
  16 0.270117 586.34 309.376
  17 0.287543 527.5 311.16
  18 0.30497 452.48 310.467
  19 0.322397 467.86 307.141
  20 0.339824 141.67 292.825
  21 0.357251 575.93 287.181
  22 0.374678 721.66 294.717
  23 0.392105 721.1 289.959
  24 0.409532 428.61 291.596
  25 0.426959 538.4 291.428
  26 0.444385 481.99 292.248
  27 0.461812 722 289.766
  28 0.479239 722 290.827
  29 0.496666 374.42 292.24
  30 0.514093 681.26 293.409
  31 0.53152 388.32 284.588
  32 0.548947 722 291.402
  33 0.566374 722 288.192
  34 0.5838 599.4 292.047
  35 0.601227 483.57 289.135
  36 0.618654 361.03 288.27
  37 0.636081 722 288.883
  38 0.653508 722 294.263
  39 0.670935 691.36 290.493
  40 0.688362 391.59 291.71
  41 0.705789 361.05 292.646
  42 0.723215 722 288.296
  43 0.740642 722 292.528
  44 0.758069 721.99 290.047
  45 0.775496 361.01 289.233
  46 0.792923 361.01 289.987
  47 0.81035 721.99 288.456
  48 0.827777 722 291.427
  49 0.845204 722 290.218
  50 0.86263 361 290.829
  51 0.880057 390.66 289.725
  52 0.897484 692.34 289.713
  53 0.914911 722 290.558
  54 0.932338 722 291.626
  55 0.949765 361 289.124
  56 0.967192 361 0.0283984
  57 0.984619 722 57.5998
  58 1.00205 0 0
200000 58 33660
  1 0.00871344 800 0.00209449
  2 0.0261403 400 0.00105723
  3 0.0435672 798.15 309.676
  4 0.0609941 800.85 308.743
  5 0.078421 785.01 309.543
  6 0.0958478 421.01 311.372
  7 0.113275 401.21 311.333
  8 0.130702 795.8 309.802
  9 0.148128 795.73 311.702
  10 0.165555 797.24 311.993
  11 0.182982 407.98 308.234
  12 0.200409 547.57 312.081
  13 0.217836 656.6 308.98
  14 0.235263 787.88 310.032
  15 0.25269 771.37 311.509
  16 0.270117 587.47 309.628
  17 0.287543 526.65 310.429
  18 0.30497 453.13 309.648
  19 0.322397 466.97 310.479
  20 0.339824 145.4 295.196
  21 0.357251 572.19 287.606
  22 0.374678 721.65 294.806
  23 0.392105 721.14 293.047
  24 0.409532 432.78 289.929
  25 0.426959 537.96 288.507
  26 0.444385 478.26 294.872
  27 0.461812 722 284.602
  28 0.479239 722 290.924
  29 0.496666 376.84 283.252
  30 0.514093 678.16 284.804
  31 0.53152 389 290.09
  32 0.548947 722 292.662
  33 0.566374 722 289.794
  34 0.5838 604.02 288.956
  35 0.601227 478.86 288.625
  36 0.618654 361.12 291.366
  37 0.636081 722 285.532
  38 0.653508 722 287.559
  39 0.670935 692.18 283.978
  40 0.688362 390.78 289.782
  41 0.705789 361.04 296.167
  42 0.723215 722 287.267
  43 0.740642 722 290.655
  44 0.758069 721.98 291.038
  45 0.775496 361.02 290.178
  46 0.792923 361.04 287.563
  47 0.81035 721.96 288.978
  48 0.827777 722 287.257
  49 0.845204 722 289.212
  50 0.86263 361 287.58
  51 0.880057 392.91 289.431
  52 0.897484 690.09 286.999
  53 0.914911 722 293.115
  54 0.932338 722 291.428
  55 0.949765 361 291.746
  56 0.967192 361 0.0283984
  57 0.984619 722 57.5998
  58 1.00205 0 0
240000 58 33660
  1 0.00871344 800 0.00209449
  2 0.0261403 400 0.00105723
  3 0.0435672 798.17 308.471
  4 0.0609941 800.83 308.848
  5 0.078421 786.13 309.553
  6 0.0958478 419.84 310.636
  7 0.113275 401.25 309.212
  8 0.130702 795.9 310.705
  9 0.148128 795.72 307.606
  10 0.165555 797.15 308.873
  11 0.182982 408.5 308.715
  12 0.200409 552.98 308.556
  13 0.217836 650.62 312.132
  14 0.235263 787.92 308.612
  15 0.25269 771.56 310.564
  16 0.270117 589.42 308.318
  17 0.287543 525.78 308.403
  18 0.30497 451.03 309.507
  19 0.322397 467.87 304.212
  20 0.339824 144.63 287.101
  21 0.357251 572.89 289.036
  22 0.374678 721.72 288.67
  23 0.392105 721.09 289.657
  24 0.409532 431.25 287.776
  25 0.426959 539.11 291.362
  26 0.444385 478.64 290.177
  27 0.461812 722 290.313
  28 0.479239 722 289.733
  29 0.496666 375.56 287.337
  30 0.514093 681.46 287.045
  31 0.53152 386.98 289.886
  32 0.548947 722 285.278
  33 0.566374 722 291.456
  34 0.5838 600.89 294.197
  35 0.601227 482.07 290.343
  36 0.618654 361.04 294.631
  37 0.636081 722 286.804
  38 0.653508 722 289.598
  39 0.670935 690.89 286.793
  40 0.688362 392.07 288.479
  41 0.705789 361.04 284.712
  42 0.723215 722 289.674
  43 0.740642 722 286.562
  44 0.758069 721.97 291.344
  45 0.775496 361.03 291.433
  46 0.792923 361.05 289.559
  47 0.81035 721.95 290.315
  48 0.827777 722 290.132
  49 0.845204 722 289.984
  50 0.86263 361 290.532
  51 0.880057 391.78 286.454
  52 0.897484 691.22 290.412
  53 0.914911 722 289.298
  54 0.932338 722 289.618
  55 0.949765 361 290.345
  56 0.967192 361 0.0283984
  57 0.984619 722 57.5998
  58 1.00205 0 0
280000 58 33660
  1 0.00871344 800 0.00209449
  2 0.0261403 400 0.00105723
  3 0.0435672 798.15 311.334
  4 0.0609941 800.85 308.29
  5 0.078421 786.52 309.969
  6 0.0958478 419.52 309.284
  7 0.113275 401.13 312.792
  8 0.130702 795.91 311.568
  9 0.148128 795.67 310.757
  10 0.165555 797.24 308.381
  11 0.182982 408.26 308.762
  12 0.200409 546.13 309.681
  13 0.217836 657.56 307.16
  14 0.235263 788.11 310.135
  15 0.25269 771.41 312.171
  16 0.270117 586.5 310.402
  17 0.287543 526.93 309.231
  18 0.30497 453.31 308.787
  19 0.322397 467.34 309.917
  20 0.339824 143.27 291.398
  21 0.357251 574.45 294.53
  22 0.374678 721.59 294.679
  23 0.392105 721.15 289.834
  24 0.409532 429.4 292.717
  25 0.426959 535.71 288.79
  26 0.444385 483.89 289.988
  27 0.461812 722 289.573
  28 0.479239 722 291.556
  29 0.496666 375.6 291.338
  30 0.514093 676.57 291.5
  31 0.53152 391.83 289.959
  32 0.548947 722 289.998
  33 0.566374 722 288.396
  34 0.5838 594.72 289.552
  35 0.601227 488.25 291.386
  36 0.618654 361.03 289.969
  37 0.636081 722 289.966
  38 0.653508 722 289.781
  39 0.670935 688.12 287.924
  40 0.688362 394.8 289.573
  41 0.705789 361.08 296.097
  42 0.723215 722 289.462
  43 0.740642 722 292.112
  44 0.758069 721.98 291.632
  45 0.775496 361.02 287.946
  46 0.792923 361.03 287.548
  47 0.81035 721.97 290.506
  48 0.827777 722 290.693
  49 0.845204 722 290.188
  50 0.86263 361 291.03
  51 0.880057 391.1 289.381
  52 0.897484 691.9 291.273
  53 0.914911 722 290.96
  54 0.932338 722 288.828
  55 0.949765 361 298.154
  56 0.967192 361 0.0283984
  57 0.984619 722 57.5998
  58 1.00205 0 0
320000 58 33660
  1 0.00871344 800 0.00209449
  2 0.0261403 400 0.00105723
  3 0.0435672 798.21 309.353
  4 0.0609941 800.79 310.815
  5 0.078421 787.02 309.948
  6 0.0958478 419.06 311.173
  7 0.113275 401.09 311.216
  8 0.130702 795.86 309.162
  9 0.148128 795.75 310.555
  10 0.165555 797.22 308.561
  11 0.182982 408.28 308.795
  12 0.200409 553.3 309.33
  13 0.217836 650.33 310.056
  14 0.235263 788.12 307.677
  15 0.25269 771.49 305.656
  16 0.270117 587.88 308.361
  17 0.287543 527.63 309.304
  18 0.30497 450.91 307.507
  19 0.322397 467.67 306.495
  20 0.339824 146.22 290.506
  21 0.357251 571.45 292.421
  22 0.374678 721.58 291.074
  23 0.392105 721.14 293.09
  24 0.409532 431.49 294.011
  25 0.426959 538.1 296.841
  26 0.444385 479.41 293.307
  27 0.461812 722 292.947
  28 0.479239 722 292.877
  29 0.496666 376.66 291.816
  30 0.514093 679.7 285.96
  31 0.53152 387.64 286.191
  32 0.548947 722 290.039
  33 0.566374 722 286.383
  34 0.5838 602.93 289.28
  35 0.601227 479.98 290.947
  36 0.618654 361.09 282.755
  37 0.636081 722 290.855
  38 0.653508 722 290.049
  39 0.670935 690.79 290.515
  40 0.688362 392.18 290.371
  41 0.705789 361.03 292.291
  42 0.723215 722 292.712
  43 0.740642 722 291.637
  44 0.758069 721.98 289.389
  45 0.775496 361.02 290.482
  46 0.792923 361 288.291
  47 0.81035 722 290.02
  48 0.827777 722 289.145
  49 0.845204 722 291.481
  50 0.86263 361 290.956
  51 0.880057 393.17 291.923
  52 0.897484 689.83 289.748
  53 0.914911 722 290.588
  54 0.932338 722 289.307
  55 0.949765 361 291.907
  56 0.967192 361 0.0283984
  57 0.984619 722 57.5998
  58 1.00205 0 0
360000 58 33660
  1 0.00871344 800 0.00209449
  2 0.0261403 400 0.00105723
  3 0.0435672 798.13 309.203
  4 0.0609941 800.89 308.667
  5 0.078421 786.59 309.522
  6 0.0958478 419.42 310.142
  7 0.113275 401.08 309.881
  8 0.130702 795.95 310.27
  9 0.148128 795.72 310.086
  10 0.165555 797.22 311.279
  11 0.182982 408.06 310.202
  12 0.200409 547.11 310.299
  13 0.217836 656.81 309.747
  14 0.235263 788.05 310.287
  15 0.25269 771.56 311.405
  16 0.270117 586.22 312.478
  17 0.287543 527.53 311.843
  18 0.30497 452.92 310.464
  19 0.322397 467.26 310.455
  20 0.339824 144.24 288.983
  21 0.357251 573.49 293.561
  22 0.374678 721.64 289.255
  23 0.392105 721.11 293.946
  24 0.409532 431.88 291.554
  25 0.426959 537.07 292.325
  26 0.444385 480.05 291.54
  27 0.461812 722 293.733
  28 0.479239 722 289.753
  29 0.496666 375.1 293.392
  30 0.514093 679.92 292.372
  31 0.53152 388.98 287.791
  32 0.548947 722 291.088
  33 0.566374 722 287.084
  34 0.5838 598.74 290.293
  35 0.601227 484.19 290.978
  36 0.618654 361.07 290.952
  37 0.636081 722 292.856
  38 0.653508 722 286.623
  39 0.670935 690.67 293.673
  40 0.688362 392.22 290.646
  41 0.705789 361.11 295.064
  42 0.723215 722 293.41
  43 0.740642 722 289.152
  44 0.758069 721.98 286.067
  45 0.775496 361.02 288.814
  46 0.792923 361.01 290.196
  47 0.81035 721.99 288.786
  48 0.827777 722 288.878
  49 0.845204 722 289.448
  50 0.86263 361 289.13
  51 0.880057 391.72 289.734
  52 0.897484 691.28 290.602
  53 0.914911 722 291.033
  54 0.932338 722 290.279
  55 0.949765 361 293.735
  56 0.967192 361 0.0283984
  57 0.984619 722 57.5998
  58 1.00205 0 0
400000 58 33660
  1 0.00871344 800 0.00209449
  2 0.0261403 400 0.00105723
  3 0.0435672 798.15 312.786
  4 0.0609941 800.86 310.076
  5 0.078421 786.39 310.49
  6 0.0958478 419.71 309.596
  7 0.113275 401.13 307.465
  8 0.130702 795.81 310.509
  9 0.148128 795.8 309.011
  10 0.165555 797.14 310.341
  11 0.182982 407.91 310.756
  12 0.200409 552.27 309.881
  13 0.217836 652.1 310.757
  14 0.235263 787.75 310.622
  15 0.25269 771.53 310.691
  16 0.270117 588.38 312.538
  17 0.287543 524.87 310.094
  18 0.30497 453.22 303.824
  19 0.322397 467.66 308.792
  20 0.339824 146.22 287.884
  21 0.357251 571.33 290.614
  22 0.374678 721.69 292.424
  23 0.392105 721.08 288.761
  24 0.409532 431.46 292.312
  25 0.426959 541.66 289.135
  26 0.444385 475.88 285.923
  27 0.461812 722 294.838
  28 0.479239 722 295.094
  29 0.496666 375.91 292.089
  30 0.514093 680.31 289.26
  31 0.53152 387.78 291.375
  32 0.548947 722 285.093
  33 0.566374 722 291.259
  34 0.5838 603.66 291.176
  35 0.601227 479.29 292.215
  36 0.618654 361.05 297.314
  37 0.636081 722 296.254
  38 0.653508 722 290.695
  39 0.670935 691.63 289.73
  40 0.688362 391.35 292.026
  41 0.705789 361.02 298.644
  42 0.723215 722 295.991
  43 0.740642 722 291.244
  44 0.758069 721.99 292.247
  45 0.775496 361.01 290.032
  46 0.792923 361 289.836
  47 0.81035 722 291.474
  48 0.827777 722 291.004
  49 0.845204 722 289.44
  50 0.86263 361 288.904
  51 0.880057 391.72 291.35
  52 0.897484 691.28 290.584
  53 0.914911 722 290.679
  54 0.932338 722 289.974
  55 0.949765 361 291.756
  56 0.967192 361 0.0283984
  57 0.984619 722 57.5998
  58 1.00205 0 0
440000 58 33660
  1 0.00871344 800 0.00209449
  2 0.0261403 400 0.00105723
  3 0.0435672 798.11 309.555
  4 0.0609941 800.91 309.824
  5 0.078421 786.47 309.103
  6 0.0958478 419.45 310.072
  7 0.113275 401.35 309.764
  8 0.130702 795.76 308.501
  9 0.148128 795.81 310.622
  10 0.165555 797.13 309.713
  11 0.182982 408.29 309.52
  12 0.200409 552.52 310.649
  13 0.217836 651.4 309.034
  14 0.235263 787.84 308.746
  15 0.25269 771.54 310.17
  16 0.270117 588.72 311.52
  17 0.287543 525.86 312.876
  18 0.30497 452.01 310.809
  19 0.322397 467.42 309.432
  20 0.339824 145.94 287.021
  21 0.357251 571.71 288.86
  22 0.374678 721.69 292.215
  23 0.392105 721.07 291.103
  24 0.409532 433.97 288.8
  25 0.426959 535.28 289.475
  26 0.444385 479.75 289.078
  27 0.461812 722 288.648
  28 0.479239 722 290.284
  29 0.496666 378 289.121
  30 0.514093 678.59 290.967
  31 0.53152 387.41 294.878
  32 0.548947 722 286.856
  33 0.566374 722 291.962
  34 0.5838 601.92 290.851
  35 0.601227 481.04 289.977
  36 0.618654 361.04 294.284
  37 0.636081 722 293.716
  38 0.653508 722 288.826
  39 0.670935 691.4 287.464
  40 0.688362 391.54 289.837
  41 0.705789 361.06 295.125
  42 0.723215 722 289.406
  43 0.740642 722 292.962
  44 0.758069 721.96 292.899
  45 0.775496 361.04 290.316
  46 0.792923 361.04 291.504
  47 0.81035 721.96 290.4
  48 0.827777 722 290.468
  49 0.845204 722 290.707
  50 0.86263 361 290.174
  51 0.880057 392.32 290.044
  52 0.897484 690.68 289.456
  53 0.914911 722 292.684
  54 0.932338 722 291.141
  55 0.949765 361 292.173
  56 0.967192 361 0.0283984
  57 0.984619 722 57.5998
  58 1.00205 0 0
480000 58 33660
  1 0.00871344 800 0.00209449
  2 0.0261403 400 0.00105723
  3 0.0435672 798.11 307.335
  4 0.0609941 800.89 311.255
  5 0.078421 786.86 310.137
  6 0.0958478 419.25 309.432
  7 0.113275 401.05 309.514
  8 0.130702 795.96 310.611
  9 0.148128 795.7 310.446
  10 0.165555 797.18 310
  11 0.182982 408.15 310.888
  12 0.200409 547.15 308.846
  13 0.217836 656.88 309.727
  14 0.235263 787.87 311.425
  15 0.25269 771.35 310.936
  16 0.270117 586.88 308.061
  17 0.287543 527.45 309.532
  18 0.30497 452.08 310.221
  19 0.322397 467.81 313.646
  20 0.339824 145.11 286.303
  21 0.357251 572.55 290.582
  22 0.374678 721.59 288.201
  23 0.392105 721.12 287.045
  24 0.409532 432.46 288.462
  25 0.426959 537.96 289.73
  26 0.444385 478.59 285.643
  27 0.461812 722 292.781
  28 0.479239 722 292.423
  29 0.496666 377.02 291.231
  30 0.514093 678.56 289.112
  31 0.53152 388.42 286.457
  32 0.548947 722 282.541
  33 0.566374 722 291.667
  34 0.5838 603.26 290.716
  35 0.601227 479.62 286.574
  36 0.618654 361.12 294.144
  37 0.636081 722 293.917
  38 0.653508 722 291.067
  39 0.670935 690.5 289.668
  40 0.688362 392.46 287.488
  41 0.705789 361.04 293.804
  42 0.723215 722 286.484
  43 0.740642 722 291.135
  44 0.758069 721.98 290.198
  45 0.775496 361.02 291.188
  46 0.792923 361.03 289.846
  47 0.81035 721.97 289.55
  48 0.827777 722 290.456
  49 0.845204 722 288.06
  50 0.86263 361 287.084
  51 0.880057 392.11 291.393
  52 0.897484 690.89 289.183
  53 0.914911 722 289.964
  54 0.932338 722 290.189
  55 0.949765 361 291.347
  56 0.967192 361 0.0283984
  57 0.984619 722 57.5998
  58 1.00205 0 0
520000 58 33660
  1 0.00871344 800 0.00209449
  2 0.0261403 400 0.00105723
  3 0.0435672 798.19 308.171
  4 0.0609941 800.83 310.026
  5 0.078421 786.53 309.125
  6 0.0958478 419.15 312.059
  7 0.113275 401.59 308.217
  8 0.130702 795.82 310.742
  9 0.148128 795.78 309.794
  10 0.165555 797.11 309.767
  11 0.182982 408.05 308.569
  12 0.200409 547.59 308.239
  13 0.217836 656.59 310.213
  14 0.235263 787.84 311.216
  15 0.25269 771.5 307.332
  16 0.270117 587.38 308.944
  17 0.287543 527.4 307.408
  18 0.30497 451.66 307.284
  19 0.322397 467.59 308.275
  20 0.339824 144.35 291.856
  21 0.357251 573.38 291.487
  22 0.374678 721.62 288.594
  23 0.392105 721.05 296.951
  24 0.409532 431.72 292.963
  25 0.426959 537.5 294.822
  26 0.444385 479.78 290.715
  27 0.461812 722 292.508
  28 0.479239 722 297.175
  29 0.496666 376.05 296.212
  30 0.514093 677.17 292.371
  31 0.53152 390.78 292.953
  32 0.548947 722 290.539
  33 0.566374 722 293.08
  34 0.5838 595.94 296.061
  35 0.601227 486.98 293.023
  36 0.618654 361.08 295.724
  37 0.636081 722 292.598
  38 0.653508 722 290.723
  39 0.670935 687.4 289.28
  40 0.688362 395.53 290.218
  41 0.705789 361.07 288.375
  42 0.723215 722 293.218
  43 0.740642 722 293.958
  44 0.758069 721.97 289.55
  45 0.775496 361.03 289.22
  46 0.792923 361.03 289.646
  47 0.81035 721.97 290.354
  48 0.827777 722 290.472
  49 0.845204 722 291.345
  50 0.86263 361 290.223
  51 0.880057 390.34 290.441
  52 0.897484 692.66 290.238
  53 0.914911 722 289.952
  54 0.932338 722 288.695
  55 0.949765 361 289.919
  56 0.967192 361 0.0283984
  57 0.984619 722 57.5998
  58 1.00205 0 0
560000 58 33660
  1 0.00871344 800 0.00209449
  2 0.0261403 400 0.00105723
  3 0.0435672 798.12 309.23
  4 0.0609941 800.89 309.133
  5 0.078421 786.23 310.523
  6 0.0958478 419.72 310.327
  7 0.113275 401.28 310.265
  8 0.130702 795.88 311.03
  9 0.148128 795.74 310.959
  10 0.165555 797.14 308.596
  11 0.182982 408.52 309.723
  12 0.200409 550.1 310.544
  13 0.217836 653.7 307.794
  14 0.235263 787.71 308.024
  15 0.25269 771.38 307.253
  16 0.270117 588.29 309.026
  17 0.287543 526.31 307.336
  18 0.30497 451.46 308.612
  19 0.322397 468.18 310.492
  20 0.339824 147.34 293.678
  21 0.357251 570.26 294.418
  22 0.374678 721.66 295.37
  23 0.392105 721.09 293.933
  24 0.409532 433.68 293.537
  25 0.426959 538.54 293.878
  26 0.444385 476.78 298.401
  27 0.461812 722 290.819
  28 0.479239 722 292.207
  29 0.496666 375.97 292.736
  30 0.514093 680.1 292.164
  31 0.53152 387.93 298.591
  32 0.548947 722 296.133
  33 0.566374 722 291.768
  34 0.5838 600.89 295.269
  35 0.601227 482.04 296.708
  36 0.618654 361.07 289.847
  37 0.636081 722 290.141
  38 0.653508 722 292.894
  39 0.670935 689.62 297.394
  40 0.688362 393.33 290.568
  41 0.705789 361.05 290.051
  42 0.723215 722 292.667
  43 0.740642 722 288.17
  44 0.758069 721.99 293.082
  45 0.775496 361.01 289.948
  46 0.792923 361.03 289.28
  47 0.81035 721.97 290.985
  48 0.827777 722 291.624
  49 0.845204 722 288.044
  50 0.86263 361 290.257
  51 0.880057 391.21 289.265
  52 0.897484 691.79 290.129
  53 0.914911 722 289.636
  54 0.932338 722 289.365
  55 0.949765 361 291.719
  56 0.967192 361 0.0283984
  57 0.984619 722 57.5998
  58 1.00205 0 0
600000 58 33660
  1 0.00871344 800 0.00209449
  2 0.0261403 400 0.00105723
  3 0.0435672 798.14 311.041
  4 0.0609941 800.86 311.594
  5 0.078421 786.46 309.778
  6 0.0958478 419.33 309.643
  7 0.113275 401.43 308.283
  8 0.130702 795.85 310.403
  9 0.148128 795.68 311.109
  10 0.165555 797.25 310.571
  11 0.182982 408 311.415
  12 0.200409 549.84 311.033
  13 0.217836 654.34 310.449
  14 0.235263 787.88 310.799
  15 0.25269 771.32 311.064
  16 0.270117 586.21 309.275
  17 0.287543 528.67 309.896
  18 0.30497 451.75 309.892
  19 0.322397 467.59 309.438
  20 0.339824 146.99 298.305
  21 0.357251 570.78 290.258
  22 0.374678 721.58 295.969
  23 0.392105 721.05 294.172
  24 0.409532 430.91 296.222
  25 0.426959 539.61 292.158
  26 0.444385 478.48 292.357
  27 0.461812 722 295.447
  28 0.479239 722 287.72
  29 0.496666 375.82 291.957
  30 0.514093 679.75 291.677
  31 0.53152 388.43 293.925
  32 0.548947 722 289.937
  33 0.566374 722 288.954
  34 0.5838 600.7 287.675
  35 0.601227 482.19 290.76
  36 0.618654 361.11 288.577
  37 0.636081 722 286.893
  38 0.653508 722 290.07
  39 0.670935 691.03 295.42
  40 0.688362 391.94 292.261
  41 0.705789 361.03 290.877
  42 0.723215 722 290.32
  43 0.740642 722 292.949
  44 0.758069 722 293.45
  45 0.775496 361 288.313
  46 0.792923 361.03 289.209
  47 0.81035 721.97 288.286
  48 0.827777 722 289.865
  49 0.845204 722 288.9
  50 0.86263 361 289.113
  51 0.880057 391.34 291.158
  52 0.897484 691.66 288.333
  53 0.914911 722 289.34
  54 0.932338 722 290.805
  55 0.949765 361 288.095
  56 0.967192 361 0.0283984
  57 0.984619 722 57.5998
  58 1.00205 0 0
640000 58 33660
  1 0.00871344 800 0.00209449
  2 0.0261403 400 0.00105723
  3 0.0435672 798.21 311.905
  4 0.0609941 800.79 310.822
  5 0.078421 786.58 309.404
  6 0.0958478 419.22 309.907
  7 0.113275 401.38 308.363
  8 0.130702 795.68 310.027
  9 0.148128 795.96 309.72
  10 0.165555 797.18 308.179
  11 0.182982 407.96 308.277
  12 0.200409 546.37 310.382
  13 0.217836 657.74 310.174
  14 0.235263 787.94 310.127
  15 0.25269 771.41 311.537
  16 0.270117 586.47 311.714
  17 0.287543 527.3 313.162
  18 0.30497 452.86 310.071
  19 0.322397 467.55 310.042
  20 0.339824 145.41 299.813
  21 0.357251 572.21 294.785
  22 0.374678 721.7 297.424
  23 0.392105 721.08 294.164
  24 0.409532 431.25 291.245
  25 0.426959 540.17 287.901
  26 0.444385 477.58 283.841
  27 0.461812 722 292.581
  28 0.479239 722 286.715
  29 0.496666 376.1 292.991
  30 0.514093 679.09 290.458
  31 0.53152 388.81 287.553
  32 0.548947 722 295.775
  33 0.566374 722 292.419
  34 0.5838 600.04 292.973
  35 0.601227 482.89 293.001
  36 0.618654 361.07 287.183
  37 0.636081 722 292.79
  38 0.653508 722 294.501
  39 0.670935 689.58 287.297
  40 0.688362 393.41 288.764
  41 0.705789 361.01 289.889
  42 0.723215 722 287.046
  43 0.740642 722 290.548
  44 0.758069 721.99 287.703
  45 0.775496 361.01 288.437
  46 0.792923 361.04 289.192
  47 0.81035 721.96 290.308
  48 0.827777 722 287.893
  49 0.845204 722 290.485
  50 0.86263 361 288.173
  51 0.880057 391.71 288.643
  52 0.897484 691.29 290.461
  53 0.914911 722 288.414
  54 0.932338 722 290.696
  55 0.949765 361 289.184
  56 0.967192 361 0.0283984
  57 0.984619 722 57.5998
  58 1.00205 0 0
680000 58 33660
  1 0.00871344 800 0.00209449
  2 0.0261403 400 0.00105723
  3 0.0435672 798.08 308.712
  4 0.0609941 800.92 309.37
  5 0.078421 786.96 310.492
  6 0.0958478 419.11 310.159
  7 0.113275 401.13 309.592
  8 0.130702 795.9 311.011
  9 0.148128 795.7 310.554
  10 0.165555 797.2 309.14
  11 0.182982 408.55 309.513
  12 0.200409 550.79 309.165
  13 0.217836 652.72 310.409
  14 0.235263 787.96 312.458
  15 0.25269 771.59 312.159
  16 0.270117 587.6 309.931
  17 0.287543 527.4 309.122
  18 0.30497 451.96 311.158
  19 0.322397 467.07 312.022
  20 0.339824 145.88 296.516
  21 0.357251 571.77 299.356
  22 0.374678 721.62 293.102
  23 0.392105 721.09 292.378
  24 0.409532 430.97 291.966
  25 0.426959 540.17 291.807
  26 0.444385 477.86 292.426
  27 0.461812 722 289.528
  28 0.479239 722 286.795
  29 0.496666 375.88 288.239
  30 0.514093 681.72 289.627
  31 0.53152 386.4 285.11
  32 0.548947 722 289.506
  33 0.566374 722 287.868
  34 0.5838 602.8 290.896
  35 0.601227 480.18 289.258
  36 0.618654 361.02 293.913
  37 0.636081 722 289.898
  38 0.653508 722 292.586
  39 0.670935 693.63 286.301
  40 0.688362 389.36 287.476
  41 0.705789 361.01 291.736
  42 0.723215 722 280.915
  43 0.740642 722 288.596
  44 0.758069 721.98 291.579
  45 0.775496 361.02 289.797
  46 0.792923 361 291.072
  47 0.81035 722 288.792
  48 0.827777 722 290.009
  49 0.845204 722 288.607
  50 0.86263 361 288.912
  51 0.880057 391.74 289.903
  52 0.897484 691.26 288.092
  53 0.914911 722 289.29
  54 0.932338 722 288.643
  55 0.949765 361 285.249
  56 0.967192 361 0.0283984
  57 0.984619 722 57.5998
  58 1.00205 0 0
720000 58 33660
  1 0.00871344 800 0.00209449
  2 0.0261403 400 0.00105723
  3 0.0435672 798.16 311.414
  4 0.0609941 800.85 310.901
  5 0.078421 786.38 310.409
  6 0.0958478 419.4 310.73
  7 0.113275 401.41 307.749
  8 0.130702 795.89 312.724
  9 0.148128 795.73 309.906
  10 0.165555 797.18 309.73
  11 0.182982 408.41 309.359
  12 0.200409 549.26 310.708
  13 0.217836 654.4 312.522
  14 0.235263 787.95 312.254
  15 0.25269 771.6 311.808
  16 0.270117 587.72 313.451
  17 0.287543 527.07 309.386
  18 0.30497 451.56 311.51
  19 0.322397 467.65 311.795
  20 0.339824 144.99 291.005
  21 0.357251 572.66 298.133
  22 0.374678 721.69 293.399
  23 0.392105 721.04 287.771
  24 0.409532 432.54 290.373
  25 0.426959 538.09 291.697
  26 0.444385 478.37 291.992
  27 0.461812 722 284.912
  28 0.479239 722 286.946
  29 0.496666 376.89 292
  30 0.514093 678.31 291.306
  31 0.53152 388.8 290.583
  32 0.548947 722 292.5
  33 0.566374 722 290.408
  34 0.5838 603.58 291.239
  35 0.601227 479.37 290.308
  36 0.618654 361.05 296.067
  37 0.636081 722 290.689
  38 0.653508 722 286.934
  39 0.670935 691.66 287.916
  40 0.688362 391.31 287.082
  41 0.705789 361.03 291.301
  42 0.723215 722 285.419
  43 0.740642 722 283.277
  44 0.758069 721.98 290.954
  45 0.775496 361.02 289.317
  46 0.792923 361.02 290.531
  47 0.81035 721.98 288.048
  48 0.827777 722 289.833
  49 0.845204 722 291.979
  50 0.86263 361 290.559
  51 0.880057 394.31 290.613
  52 0.897484 688.69 289.405
  53 0.914911 722 288.948
  54 0.932338 722 290.485
  55 0.949765 361 291.766
  56 0.967192 361 0.0283984
  57 0.984619 722 57.5998
  58 1.00205 0 0
760000 58 33660
  1 0.00871344 800 0.00209449
  2 0.0261403 400 0.00105723
  3 0.0435672 798.25 311.89
  4 0.0609941 800.76 311.445
  5 0.078421 787.02 310.275
  6 0.0958478 419.04 310.444
  7 0.113275 401.12 309.184
  8 0.130702 795.93 309.744
  9 0.148128 795.62 309.66
  10 0.165555 797.26 309.333
  11 0.182982 408.2 309.261
  12 0.200409 547.94 311.729
  13 0.217836 655.81 310.22
  14 0.235263 788.1 309.703
  15 0.25269 771.44 309.036
  16 0.270117 588.28 309.266
  17 0.287543 526.75 310.707
  18 0.30497 451.19 311.346
  19 0.322397 467.78 310.168
  20 0.339824 144.04 295.635
  21 0.357251 573.81 291.572
  22 0.374678 721.56 298.765
  23 0.392105 721.1 291.838
  24 0.409532 431.8 293.061
  25 0.426959 535.45 292.414
  26 0.444385 481.75 288.152
  27 0.461812 722 289.067
  28 0.479239 722 290.587
  29 0.496666 375.66 286.906
  30 0.514093 677.41 289.137
  31 0.53152 390.93 297.856
  32 0.548947 722 290.141
  33 0.566374 722 288.691
  34 0.5838 598.01 291.233
  35 0.601227 484.94 290.349
  36 0.618654 361.05 295.664
  37 0.636081 722 288.914
  38 0.653508 722 288.07
  39 0.670935 689.62 290.986
  40 0.688362 393.33 287.463
  41 0.705789 361.05 288.397
  42 0.723215 722 287.39
  43 0.740642 722 288.233
  44 0.758069 722 287.7
  45 0.775496 361 289.554
  46 0.792923 361.04 288.432
  47 0.81035 721.96 289.978
  48 0.827777 722 289.136
  49 0.845204 722 288.415
  50 0.86263 361 291.487
  51 0.880057 391.9 287.626
  52 0.897484 691.1 291.299
  53 0.914911 722 291.971
  54 0.932338 722 289.613
  55 0.949765 361 288.708
  56 0.967192 361 0.0283984
  57 0.984619 722 57.5998
  58 1.00205 0 0
800000 58 33660
  1 0.00871344 800 0.00209449
  2 0.0261403 400 0.00105723
  3 0.0435672 798.15 310.942
  4 0.0609941 800.87 311.255
  5 0.078421 786.32 309.734
  6 0.0958478 419.41 311.03
  7 0.113275 401.44 310.167
  8 0.130702 795.7 310.677
  9 0.148128 795.9 310.004
  10 0.165555 797.21 308.983
  11 0.182982 408.28 310.777
  12 0.200409 549.33 311.957
  13 0.217836 654.43 311.35
  14 0.235263 787.96 310.386
  15 0.25269 771.45 310.153
  16 0.270117 588.54 310.49
  17 0.287543 526.69 311.109
  18 0.30497 451.46 310.173
  19 0.322397 467.41 309.089
  20 0.339824 144.51 297.975
  21 0.357251 573.22 298.131
  22 0.374678 721.5 300.213
  23 0.392105 721.22 298.796
  24 0.409532 430.79 295.719
  25 0.426959 538.02 295.778
  26 0.444385 480.19 293.232
  27 0.461812 722 288.257
  28 0.479239 722 288.864
  29 0.496666 375.48 290.463
  30 0.514093 679.49 286.933
  31 0.53152 389.03 292.477
  32 0.548947 722 291.102
  33 0.566374 722 293.458
  34 0.5838 596.03 294.325
  35 0.601227 486.89 292.447
  36 0.618654 361.08 293.278
  37 0.636081 722 291.317
  38 0.653508 722 286.232
  39 0.670935 688.03 292.809
  40 0.688362 394.89 290.958
  41 0.705789 361.08 289.127
  42 0.723215 722 286.381
  43 0.740642 722 288.914
  44 0.758069 721.99 287.017
  45 0.775496 361.01 290.059
  46 0.792923 361.02 289.293
  47 0.81035 721.98 290.643
  48 0.827777 722 290.532
  49 0.845204 722 290.289
  50 0.86263 361 291.299
  51 0.880057 391.18 290.316
  52 0.897484 691.82 290.209
  53 0.914911 722 292.061
  54 0.932338 722 290.489
  55 0.949765 361 292.278
  56 0.967192 361 0.0283984
  57 0.984619 722 57.5998
  58 1.00205 0 0
