# Chunk-averaged data for fix favg and group all
# Timestep Number-of-chunks Total-count
# Chunk Coord1 Ncount temp
40000 58 33660
  1 0.00872528 800 0.00221253
  2 0.0261758 400 0.00105723
  3 0.0436264 800 310.317
  4 0.0610769 800 310.729
  5 0.0785275 799.98 310.567
  6 0.095978 400.02 311.527
  7 0.113429 400 310.023
  8 0.130879 800 310.791
  9 0.14833 800 311.076
  10 0.16578 800 310.649
  11 0.183231 449.8 311.218
  12 0.200681 750.04 310.49
  13 0.218132 400.16 308.626
  14 0.235582 800 311.867
  15 0.253033 800 310.607
  16 0.270484 794.29 309.259
  17 0.287934 398.79 312.172
  18 0.305385 413.13 313.973
  19 0.322835 393.79 309.678
  20 0.340286 593.24 291.807
  21 0.357736 488.73 289.456
  22 0.375187 362.03 288.108
  23 0.392637 722 285.187
  24 0.410088 722 285.791
  25 0.427539 486.94 285.691
  26 0.444989 577.85 284.181
  27 0.46244 379.21 292.087
  28 0.47989 722 285.106
  29 0.497341 722 288.073
  30 0.514791 460.02 288.896
  31 0.532242 595.72 285.792
  32 0.549692 388.26 282.202
  33 0.567143 722 287.446
  34 0.584594 722 284.303
  35 0.602044 433.33 287.549
  36 0.619495 610.1 288.584
  37 0.636945 400.57 292.048
  38 0.654396 722 289.596
  39 0.671846 722 290.063
  40 0.689297 411.75 289.395
  41 0.706747 613.05 291.049
  42 0.724198 419.2 290.12
  43 0.741649 722 290.473
  44 0.759099 722 292.484
  45 0.77655 394.43 290.663
  46 0.794 605.78 291.274
  47 0.811451 443.79 289.113
  48 0.828901 722 289.395
  49 0.846352 722 288.749
  50 0.863802 380.51 289.447
  51 0.881253 592.23 291.906
  52 0.898704 471.26 289.842
  53 0.916154 722 291.232
  54 0.933605 722 290.434
  55 0.951055 361 297.456
  56 0.968506 361 0.0283984
  57 0.985956 722 81.684
  58 1.00341 0 0
80000 58 33660
  1 0.00872528 800 0.00233711
  2 0.0261758 400 0.00105723
  3 0.0436264 800 305.936
  4 0.0610769 800 309.336
  5 0.0785275 799.98 309.271
  6 0.095978 400.02 310.292
  7 0.113429 400.01 309.093
  8 0.130879 799.99 309.713
  9 0.14833 800 310.534
  10 0.16578 800 308.62
  11 0.183231 448.81 310.353
  12 0.200681 750.88 310.257
  13 0.218132 400.31 310.469
  14 0.235582 800 306.957
  15 0.253033 800 306.136
  16 0.270484 794.29 308.155
  17 0.287934 399.34 306.696
  18 0.305385 412.39 306.874
  19 0.322835 393.98 304.104
  20 0.340286 599.48 292.887
  21 0.357736 482.68 289.545
  22 0.375187 361.84 290.384
  23 0.392637 722 285.86
  24 0.410088 722 294.935
  25 0.427539 493.1 286.029
  26 0.444989 573.59 289.956
  27 0.46244 377.31 287.956
  28 0.47989 722 287.797
  29 0.497341 722 286.86
  30 0.514791 463.13 288.111
  31 0.532242 594.04 286.103
  32 0.549692 386.83 287.066
  33 0.567143 722 290.351
  34 0.584594 722 290.344
  35 0.602044 434.92 289.119
  36 0.619495 607.99 291.52
  37 0.636945 401.09 288.054
  38 0.654396 722 291.314
  39 0.671846 722 289.428
  40 0.689297 412.8 290.708
  41 0.706747 610.73 289.377
  42 0.724198 420.47 287.798
  43 0.741649 722 291.107
  44 0.759099 722 291.906
  45 0.77655 395.01 289.949
  46 0.794 607.78 289.385
  47 0.811451 441.21 289.965
  48 0.828901 722 290.785
  49 0.846352 722 289.558
  50 0.863802 380.8 289.71
  51 0.881253 593.53 289.198
  52 0.898704 469.67 288.872
  53 0.916154 722 291.374
  54 0.933605 722 289.94
  55 0.951055 361 294.024
  56 0.968506 361 0.0283984
  57 0.985956 722 85.2694
  58 1.00341 0 0
120000 58 33660
  1 0.00872528 800 0.00248786
  2 0.0261758 400 0.00105723
  3 0.0436264 800 308.005
  4 0.0610769 800 308.185
  5 0.0785275 799.98 310.389
  6 0.095978 400.02 309.883
  7 0.113429 400.01 309.285
  8 0.130879 799.99 309.672
  9 0.14833 800 312.794
  10 0.16578 800 311.261
  11 0.183231 447.16 309.996
  12 0.200681 752.61 312.046
  13 0.218132 400.23 310.697
  14 0.235582 800 310.492
  15 0.253033 800 310.945
  16 0.270484 794.61 310.258
  17 0.287934 398.96 308.204
  18 0.305385 412.73 308.612
  19 0.322835 393.7 307.32
  20 0.340286 593.99 288.659
  21 0.357736 487.94 284.946
  22 0.375187 362.07 287
  23 0.392637 722 281.679
  24 0.410088 722 285.609
  25 0.427539 487.64 288.446
  26 0.444989 578.52 286.484
  27 0.46244 377.84 288.989
  28 0.47989 722 290.867
  29 0.497341 722 290.434
  30 0.514791 457.44 287.181
  31 0.532242 598.05 287.537
  32 0.549692 388.51 287.029
  33 0.567143 722 287.31
  34 0.584594 722 291.21
  35 0.602044 432.48 291.434
  36 0.619495 608.37 290.446
  37 0.636945 403.15 290.532
  38 0.654396 722 289.552
  39 0.671846 722 289.821
  40 0.689297 410.39 289.712
  41 0.706747 614.72 287.199
  42 0.724198 418.89 283.017
  43 0.741649 722 289.12
  44 0.759099 722 290.281
  45 0.77655 394.25 292.394
  46 0.794 606.18 290.524
  47 0.811451 443.57 289.551
  48 0.828901 722 293.085
  49 0.846352 722 289.518
  50 0.863802 380 289.273
  51 0.881253 593.53 290.127
  52 0.898704 470.47 289.34
  53 0.916154 722 289.875
  54 0.933605 722 289.171
  55 0.951055 361 285.94
  56 0.968506 361 0.0283984
  57 0.985956 722 89.5554
  58 1.00341 0 0
160000 58 33660
  1 0.00872528 800 0.00247201
  2 0.0261758 400 0.00105723
  3 0.0436264 800 310.944
  4 0.0610769 800 310.446
  5 0.0785275 799.98 307.356
  6 0.095978 400.02 310.024
  7 0.113429 400 309.497
  8 0.130879 800 310.023
  9 0.14833 800 310.165
  10 0.16578 800 309.988
  11 0.183231 448.86 310.071
  12 0.200681 750.98 309.187
  13 0.218132 400.16 312.697
  14 0.235582 800 309.16
  15 0.253033 800 309.771
  16 0.270484 793.77 311.821
  17 0.287934 399.57 308.731
  18 0.305385 412.5 310.221
  19 0.322835 394.16 308.656
  20 0.340286 594.26 294.177
  21 0.357736 487.69 290.897
  22 0.375187 362.05 289.814
  23 0.392637 722 289.118
  24 0.410088 722 285.324
  25 0.427539 489.06 289.49
  26 0.444989 574.83 288.546
  27 0.46244 380.11 287.443
  28 0.47989 722 293.521
  29 0.497341 722 292.361
  30 0.514791 458.36 292.804
  31 0.532242 595.13 293.108
  32 0.549692 390.51 295.757
  33 0.567143 722 290.131
  34 0.584594 722 288.265
  35 0.602044 431.3 289.636
  36 0.619495 606.6 288.95
  37 0.636945 406.1 290.024
  38 0.654396 722 289.059
  39 0.671846 722 287.029
  40 0.689297 409.67 289.093
  41 0.706747 608.43 289.472
  42 0.724198 425.9 291.479
  43 0.741649 722 288.758
  44 0.759099 722 292.66
  45 0.77655 392.69 289.481
  46 0.794 603.38 289.642
  47 0.811451 447.93 288.535
  48 0.828901 722 290.248
  49 0.846352 722 288.863
  50 0.863802 378.62 290.134
  51 0.881253 591.66 291.519
  52 0.898704 473.72 288.459
  53 0.916154 722 289.581
  54 0.933605 722 290.773
  55 0.951055 361 288.802
  56 0.968506 361 0.0283984
  57 0.985956 722 94.4989
  58 1.00341 0 0
200000 58 33660
  1 0.00872528 800 0.00238526
  2 0.0261758 400 0.00105723
  3 0.0436264 800 308.304
  4 0.0610769 800 309.115
  5 0.0785275 799.96 310.003
  6 0.095978 400.04 309.065
  7 0.113429 400 308.401
  8 0.130879 800 309.178
  9 0.14833 800 310.68
  10 0.16578 800 308.969
  11 0.183231 450.94 307.425
  12 0.200681 748.93 309.52
  13 0.218132 400.13 310.895
  14 0.235582 800 310.307
  15 0.253033 800 310.626
  16 0.270484 794.3 307.363
  17 0.287934 399.13 309.987
  18 0.305385 412.7 311.787
  19 0.322835 393.87 308.823
  20 0.340286 596.01 297.273
  21 0.357736 485.82 299.685
  22 0.375187 362.17 292.734
  23 0.392637 722 289.679
  24 0.410088 722 291.503
  25 0.427539 490.92 288.215
  26 0.444989 573.15 287.661
  27 0.46244 379.93 297.557
  28 0.47989 722 290.168
  29 0.497341 722 291.01
  30 0.514791 460.7 290.63
  31 0.532242 594.06 289.502
  32 0.549692 389.24 292.288
  33 0.567143 722 292.413
  34 0.584594 722 286.66
  35 0.602044 434.04 289.415
  36 0.619495 607.48 289.581
  37 0.636945 402.48 293.645
  38 0.654396 722 289.334
  39 0.671846 722 287.326
  40 0.689297 411.94 288.743
  41 0.706747 609.97 289.17
  42 0.724198 422.09 285.608
  43 0.741649 722 293.154
  44 0.759099 722 289.292
  45 0.77655 394.96 290.099
  46 0.794 605.27 288.644
  47 0.811451 443.77 288.678
  48 0.828901 722 290.446
  49 0.846352 722 289.329
  50 0.863802 381.14 288.143
  51 0.881253 592.13 290.769
  52 0.898704 470.73 290.684
  53 0.916154 722 288.403
  54 0.933605 722 290.095
  55 0.951055 361 293.503
  56 0.968506 361 0.0283984
  57 0.985956 722 98.9038
  58 1.00341 0 0
240000 58 33660
  1 0.00872528 800 0.00237656
  2 0.0261758 400 0.00105723
  3 0.0436264 800 311.416
  4 0.0610769 800 310.923
  5 0.0785275 799.98 310.902
  6 0.095978 400.02 307.82
  7 0.113429 400 307.909
  8 0.130879 800 309.18
  9 0.14833 800 309.041
  10 0.16578 800 310.51
  11 0.183231 450.15 310.595
  12 0.200681 749.66 309.376
  13 0.218132 400.19 313.157
  14 0.235582 800 310.207
  15 0.253033 800 310.501
  16 0.270484 794.44 311.632
  17 0.287934 399.18 310.912
  18 0.305385 412.68 309.976
  19 0.322835 393.7 312.861
  20 0.340286 595.8 292.07
  21 0.357736 486.3 293.094
  22 0.375187 361.9 292.931
  23 0.392637 722 287.885
  24 0.410088 722 288.867
  25 0.427539 488.1 290.724
  26 0.444989 576.67 290.456
  27 0.46244 379.23 293.081
  28 0.47989 722 288.625
  29 0.497341 722 288.09
  30 0.514791 458.25 287.38
  31 0.532242 598.64 289.731
  32 0.549692 387.11 291.183
  33 0.567143 722 287.954
  34 0.584594 722 286.849
  35 0.602044 432.91 286.39
  36 0.619495 608.19 289.018
  37 0.636945 402.9 290.059
  38 0.654396 722 288.161
  39 0.671846 722 285.889
  40 0.689297 411.37 285.802
  41 0.706747 613.75 286.877
  42 0.724198 418.88 285.37
  43 0.741649 722 288.513
  44 0.759099 722 289.349
  45 0.77655 394.2 288.996
  46 0.794 605.37 290.058
  47 0.811451 444.43 291.865
  48 0.828901 722 289.279
  49 0.846352 722 291.492
  50 0.863802 379.93 289.85
  51 0.881253 591.54 288.726
  52 0.898704 472.53 291.383
  53 0.916154 722 289.96
  54 0.933605 722 289.096
  55 0.951055 361 292.136
  56 0.968506 361 0.0283984
  57 0.985956 722 98.4009
  58 1.00341 0 0
280000 58 33660
  1 0.00872528 800 0.00237823
  2 0.0261758 400 0.00105723
  3 0.0436264 800 310.541
  4 0.0610769 800 310.786
  5 0.0785275 799.97 309.42
  6 0.095978 400.03 307.834
  7 0.113429 400.01 308.249
  8 0.130879 799.99 311.006
  9 0.14833 800 308.433
  10 0.16578 800 308.91
  11 0.183231 447.92 310.189
  12 0.200681 751.91 309.947
  13 0.218132 400.17 311.259
  14 0.235582 800 310.375
  15 0.253033 800 309.388
  16 0.270484 794.73 307.243
  17 0.287934 399.06 307.574
  18 0.305385 412.84 308.76
  19 0.322835 393.37 303.99
  20 0.340286 595.88 292.698
  21 0.357736 486.11 293.058
  22 0.375187 362.01 290.137
  23 0.392637 722 290.723
  24 0.410088 722 290.475
  25 0.427539 490.05 291.063
  26 0.444989 575.13 292.187
  27 0.46244 378.82 287.234
  28 0.47989 722 289.058
  29 0.497341 722 287.99
  30 0.514791 459.39 290.111
  31 0.532242 595.55 288.867
  32 0.549692 389.06 288.187
  33 0.567143 722 288.307
  34 0.584594 722 288.313
  35 0.602044 432.73 294.974
  36 0.619495 608.67 293.771
  37 0.636945 402.6 290.296
  38 0.654396 722 289.562
  39 0.671846 722 288.752
  40 0.689297 409.26 291.341
  41 0.706747 612.61 289.377
  42 0.724198 422.13 286.072
  43 0.741649 722 289.956
  44 0.759099 722 289.807
  45 0.77655 392.05 288.997
  46 0.794 607.86 289.619
  47 0.811451 444.09 291.663
  48 0.828901 722 289.541
  49 0.846352 722 289.261
  50 0.863802 379.47 291.26
  51 0.881253 592.88 290.005
  52 0.898704 471.65 290.213
  53 0.916154 722 290.792
  54 0.933605 722 288.535
  55 0.951055 361 287.985
  56 0.968506 361 0.0283984
  57 0.985956 722 101.59
  58 1.00341 0 0
320000 58 33660
  1 0.00872528 800 0.0024061
  2 0.0261758 400 0.00105723
  3 0.0436264 800 309.007
  4 0.0610769 800 308.208
  5 0.0785275 799.99 309.167
  6 0.095978 400.01 308.805
  7 0.113429 400 309.78
  8 0.130879 800 309.481
  9 0.14833 800 310.331
  10 0.16578 800 310.787
  11 0.183231 449.37 309.786
  12 0.200681 750.47 309.66
  13 0.218132 400.16 310.47
  14 0.235582 800 312.326
  15 0.253033 800 310.599
  16 0.270484 794.5 310.993
  17 0.287934 399.28 308.474
  18 0.305385 412.65 308.019
  19 0.322835 393.57 308.757
  20 0.340286 593.49 296.287
  21 0.357736 488.35 295.001
  22 0.375187 362.16 295.892
  23 0.392637 722 288.217
  24 0.410088 722 289.695
  25 0.427539 486.68 290.829
  26 0.444989 577.37 290.42
  27 0.46244 379.95 295.525
  28 0.47989 722 287.695
  29 0.497341 722 293.043
  30 0.514791 456.11 291.897
  31 0.532242 597.36 289.75
  32 0.549692 390.53 288.282
  33 0.567143 722 289.264
  34 0.584594 722 287.816
  35 0.602044 430.84 291.322
  36 0.619495 608.57 291.135
  37 0.636945 404.59 286.676
  38 0.654396 722 290.088
  39 0.671846 722 288.447
  40 0.689297 409.79 289.464
  41 0.706747 612.78 289.584
  42 0.724198 421.43 290.756
  43 0.741649 722 291.986
  44 0.759099 722 289.65
  45 0.77655 392.25 291.01
  46 0.794 604.3 290.06
  47 0.811451 447.45 288.408
  48 0.828901 722 290.724
  49 0.846352 722 290.614
  50 0.863802 379.64 289.06
  51 0.881253 591.13 290.055
  52 0.898704 473.23 288.8
  53 0.916154 722 289.961
  54 0.933605 722 291.969
  55 0.951055 361 292.007
  56 0.968506 361 0.0283984
  57 0.985956 722 105.789
  58 1.00341 0 0
360000 58 33660
  1 0.00872528 800 0.00241769
  2 0.0261758 400 0.00105723
  3 0.0436264 800 309.752
  4 0.0610769 800 309.428
  5 0.0785275 799.98 310.485
  6 0.095978 400.02 309.25
  7 0.113429 400.01 309.74
  8 0.130879 799.99 311.212
  9 0.14833 800 308.728
  10 0.16578 800 308.575
  11 0.183231 448.31 308.947
  12 0.200681 751.5 309.001
  13 0.218132 400.19 309.954
  14 0.235582 800 309.679
  15 0.253033 800 309.539
  16 0.270484 794.55 309.241
  17 0.287934 399.11 309.766
  18 0.305385 412.66 307.759
  19 0.322835 393.68 305.922
  20 0.340286 596.42 296.552
  21 0.357736 485.45 298.205
  22 0.375187 362.13 296.872
  23 0.392637 722 294.375
  24 0.410088 722 293.23
  25 0.427539 490.33 292.434
  26 0.444989 574.61 288.605
  27 0.46244 379.06 290.849
  28 0.47989 722 293.039
  29 0.497341 722 294.658
  30 0.514791 461.8 293.48
  31 0.532242 593.42 294.456
  32 0.549692 388.78 290.266
  33 0.567143 722 292.869
  34 0.584594 722 290.779
  35 0.602044 434.11 291.724
  36 0.619495 605.62 291.065
  37 0.636945 404.27 296.623
  38 0.654396 722 292.02
  39 0.671846 722 291.391
  40 0.689297 411 292.624
  41 0.706747 610.01 288.513
  42 0.724198 422.99 287.75
  43 0.741649 722 287.614
  44 0.759099 722 289.987
  45 0.77655 394.25 290.85
  46 0.794 603.62 291.002
  47 0.811451 446.13 291.096
  48 0.828901 722 288.32
  49 0.846352 722 289.85
  50 0.863802 379.58 289.594
  51 0.881253 589.93 289.457
  52 0.898704 474.49 292.211
  53 0.916154 722 289.395
  54 0.933605 722 288.893
  55 0.951055 361 281.772
  56 0.968506 361 0.0283984
  57 0.985956 722 109.941
  58 1.00341 0 0
400000 58 33660
  1 0.00872528 800 0.00249193
  2 0.0261758 400 0.00105723
  3 0.0436264 800 313.927
  4 0.0610769 800 310.553
  5 0.0785275 799.99 309.614
  6 0.095978 400.01 310.196
  7 0.113429 400.02 310.064
  8 0.130879 799.98 309.055
  9 0.14833 800 310.219
  10 0.16578 800 309.754
  11 0.183231 449.43 309.785
  12 0.200681 750.44 310.564
  13 0.218132 400.13 308.967
  14 0.235582 800 311.085
  15 0.253033 800 311.265
  16 0.270484 794.23 310.255
  17 0.287934 399.44 310.333
  18 0.305385 412.52 307.517
  19 0.322835 393.81 310.355
  20 0.340286 598.23 291.655
  21 0.357736 483.76 294.44
  22 0.375187 362.01 297.615
  23 0.392637 722 292.859
  24 0.410088 722 290.582
  25 0.427539 492.38 292.655
  26 0.444989 573.21 291.765
  27 0.46244 378.41 297.178
  28 0.47989 722 290.583
  29 0.497341 722 296.691
  30 0.514791 461.71 292.595
  31 0.532242 595.84 292.915
  32 0.549692 386.45 292.779
  33 0.567143 722 291.408
  34 0.584594 722 287.964
  35 0.602044 435.45 289.586
  36 0.619495 607.97 289.106
  37 0.636945 400.58 287.512
  38 0.654396 722 288.592
  39 0.671846 722 289.548
  40 0.689297 412.78 291.55
  41 0.706747 611.2 289.099
  42 0.724198 420.02 293.227
  43 0.741649 722 292.462
  44 0.759099 722 287.79
  45 0.77655 395.63 291.704
  46 0.794 605.76 290.82
  47 0.811451 442.61 289.978
  48 0.828901 722 288.091
  49 0.846352 722 291.629
  50 0.863802 381.59 289.715
  51 0.881253 592.63 289.372
  52 0.898704 469.78 290.49
  53 0.916154 722 290.892
  54 0.933605 722 288.446
  55 0.951055 361 292.977
  56 0.968506 361 0.0283984
  57 0.985956 722 109.465
  58 1.00341 0 0
440000 58 33660
  1 0.00872528 800 0.00241342
  2 0.0261758 400 0.00105723
  3 0.0436264 800 311.549
  4 0.0610769 800 310.22
  5 0.0785275 800 310.167
  6 0.095978 400 308.901
  7 0.113429 400 309.902
  8 0.130879 800 311.349
  9 0.14833 800 309.421
  10 0.16578 800 309.534
  11 0.183231 449.23 310.343
  12 0.200681 750.54 310.712
  13 0.218132 400.23 310.725
  14 0.235582 800 309.321
  15 0.253033 800 309.53
  16 0.270484 794.6 308.216
  17 0.287934 398.91 310.093
  18 0.305385 412.51 309.22
  19 0.322835 393.98 310.34
  20 0.340286 596.16 291.47
  21 0.357736 485.69 292.444
  22 0.375187 362.15 294.13
  23 0.392637 722 295.365
  24 0.410088 722 291.483
  25 0.427539 489.36 290.686
  26 0.444989 575.97 292.312
  27 0.46244 378.67 290.017
  28 0.47989 722 296.494
  29 0.497341 722 290.742
  30 0.514791 457.83 292.072
  31 0.532242 596.85 290.895
  32 0.549692 389.32 291.199
  33 0.567143 722 288.455
  34 0.584594 722 288.802
  35 0.602044 430.24 288.539
  36 0.619495 610.96 290.516
  37 0.636945 402.8 291.45
  38 0.654396 722 293.164
  39 0.671846 722 298.233
  40 0.689297 410.2 290.47
  41 0.706747 610.41 291.437
  42 0.724198 423.39 295.405
  43 0.741649 722 293.651
  44 0.759099 722 290.885
  45 0.77655 392.37 290.669
  46 0.794 606.32 290.36
  47 0.811451 445.31 287.59
  48 0.828901 722 287.986
  49 0.846352 722 290.56
  50 0.863802 379.38 290.318
  51 0.881253 591.79 291.091
  52 0.898704 472.83 290.108
  53 0.916154 722 290.842
  54 0.933605 722 289.463
  55 0.951055 361 281.842
  56 0.968506 361 0.0283984
  57 0.985956 722 112.565
  58 1.00341 0 0
480000 58 33660
  1 0.00872528 800 0.0024481
  2 0.0261758 400 0.00105723
  3 0.0436264 800 309.733
  4 0.0610769 800 309.598
  5 0.0785275 800 311.643
  6 0.095978 400 310.346
  7 0.113429 400.01 309.397
  8 0.130879 799.99 310.863
  9 0.14833 800 310.229
  10 0.16578 800 311.059
  11 0.183231 449.03 309.276
  12 0.200681 750.84 309.57
  13 0.218132 400.13 308.26
  14 0.235582 800 309.642
  15 0.253033 800 310.614
  16 0.270484 794.27 307.678
  17 0.287934 399.56 308.915
  18 0.305385 411.93 310.432
  19 0.322835 394.24 307.773
  20 0.340286 595.1 297.466
  21 0.357736 486.93 294.748
  22 0.375187 361.97 296.946
  23 0.392637 722 300.78
  24 0.410088 722 296.055
  25 0.427539 490.09 293.887
  26 0.444989 572.86 293.218
  27 0.46244 381.05 293.992
  28 0.47989 722 292.088
  29 0.497341 722 294.676
  30 0.514791 461.44 292.544
  31 0.532242 591.68 291.55
  32 0.549692 390.88 291.125
  33 0.567143 722 293.557
  34 0.584594 722 292.127
  35 0.602044 432.52 293.349
  36 0.619495 606.73 292.774
  37 0.636945 404.75 286.295
  38 0.654396 722 293.276
  39 0.671846 722 294.975
  40 0.689297 410.67 291.351
  41 0.706747 609.84 291.903
  42 0.724198 423.49 291.836
  43 0.741649 722 289.367
  44 0.759099 722 286.534
  45 0.77655 392.65 289.469
  46 0.794 605.52 289.711
  47 0.811451 445.83 290.169
  48 0.828901 722 289.58
  49 0.846352 722 289.821
  50 0.863802 380.1 288.598
  51 0.881253 592.96 289.458
  52 0.898704 470.94 289.668
  53 0.916154 722 290.964
  54 0.933605 722 290.669
  55 0.951055 361 292.828
  56 0.968506 361 0.0283984
  57 0.985956 722 115.106
  58 1.00341 0 0
520000 58 33660
  1 0.00872528 800 0.00258276
  2 0.0261758 400 0.00105723
  3 0.0436264 800 308.789
  4 0.0610769 800 309.268
  5 0.0785275 800 311.432
  6 0.095978 400 309.998
  7 0.113429 400.01 310.854
  8 0.130879 799.99 309.54
  9 0.14833 800 309.823
  10 0.16578 800 310.598
  11 0.183231 449.59 309.793
  12 0.200681 750.23 309.543
  13 0.218132 400.18 310.804
  14 0.235582 800 309.553
  15 0.253033 800 308.434
  16 0.270484 794.64 309.135
  17 0.287934 399.04 308.53
  18 0.305385 412.44 308.433
  19 0.322835 393.88 307.689
  20 0.340286 598.17 290.727
  21 0.357736 483.73 293.252
  22 0.375187 362.1 298.268
  23 0.392637 722 299.019
  24 0.410088 722 300.7
  25 0.427539 492.8 296.873
  26 0.444989 570.29 297.499
  27 0.46244 380.91 294.764
  28 0.47989 722 295.364
  29 0.497341 722 297.385
  30 0.514791 463.16 295.717
  31 0.532242 589.74 295.683
  32 0.549692 391.1 292.246
  33 0.567143 722 293.182
  34 0.584594 722 295.561
  35 0.602044 436.47 296.026
  36 0.619495 601.96 292.171
  37 0.636945 405.57 294.981
  38 0.654396 722 287.672
  39 0.671846 722 292.998
  40 0.689297 412.59 291.198
  41 0.706747 606.46 292.461
  42 0.724198 424.95 289.531
  43 0.741649 722 289.889
  44 0.759099 722 289.078
  45 0.77655 393.54 289.975
  46 0.794 606.05 289.689
  47 0.811451 444.41 291.598
  48 0.828901 722 291.01
  49 0.846352 722 292.857
  50 0.863802 379.98 289.895
  51 0.881253 591.12 288.486
  52 0.898704 472.9 291.669
  53 0.916154 722 290.6
  54 0.933605 722 289.497
  55 0.951055 361 287.426
  56 0.968506 361 0.0283984
  57 0.985956 722 115.703
  58 1.00341 0 0
560000 58 33660
  1 0.00872528 800 0.00232425
  2 0.0261758 400 0.00105723
  3 0.0436264 800 310.046
  4 0.0610769 800 311.519
  5 0.0785275 800 309.143
  6 0.095978 400 309.484
  7 0.113429 400.02 309.722
  8 0.130879 799.98 310.246
  9 0.14833 800 309.994
  10 0.16578 800 309.182
  11 0.183231 449.86 308.636
  12 0.200681 749.95 308.024
  13 0.218132 400.19 309.983
  14 0.235582 800 306.427
  15 0.253033 800 305.845
  16 0.270484 794.71 309.572
  17 0.287934 399.09 306.664
  18 0.305385 411.86 306.575
  19 0.322835 394.34 307.596
  20 0.340286 599.28 292.758
  21 0.357736 482.8 289.52
  22 0.375187 361.92 294.019
  23 0.392637 722 293.354
  24 0.410088 722 294.927
  25 0.427539 492.1 292.55
  26 0.444989 574.03 294.953
  27 0.46244 377.87 296.88
  28 0.47989 722 294.457
  29 0.497341 722 295.095
  30 0.514791 460.29 293.07
  31 0.532242 596.1 295.394
  32 0.549692 387.61 299.836
  33 0.567143 722 290.892
  34 0.584594 722 289.577
  35 0.602044 434.46 296.228
  36 0.619495 606.38 294.471
  37 0.636945 403.16 289.775
  38 0.654396 722 294.387
  39 0.671846 722 294.899
  40 0.689297 410.57 292.835
  41 0.706747 611.62 292.595
  42 0.724198 421.81 292.096
  43 0.741649 722 288.02
  44 0.759099 722 291.001
  45 0.77655 392.69 290.34
  46 0.794 606.12 291.069
  47 0.811451 445.19 288.623
  48 0.828901 722 292.454
  49 0.846352 722 287.05
  50 0.863802 379.79 288.287
  51 0.881253 592.62 290.225
  52 0.898704 471.59 290.668
  53 0.916154 722 289.186
  54 0.933605 722 289.891
  55 0.951055 361 288.939
  56 0.968506 361 0.0283984
  57 0.985956 722 120.575
  58 1.00341 0 0
600000 58 33660
  1 0.00872528 800 0.00237395
  2 0.0261758 400 0.00105723
  3 0.0436264 800 308.742
  4 0.0610769 800 310.967
  5 0.0785275 800 310.502
  6 0.095978 400 311.141
  7 0.113429 400.01 310.992
  8 0.130879 799.99 310.432
  9 0.14833 800 311.031
  10 0.16578 800 309.13
  11 0.183231 446.25 309.597
  12 0.200681 753.56 311.084
  13 0.218132 400.19 311.632
  14 0.235582 800 311.356
  15 0.253033 800 309.523
  16 0.270484 794.11 309.905
  17 0.287934 399.36 309.513
  18 0.305385 412.57 312.482
  19 0.322835 393.96 311.433
  20 0.340286 594.15 293.139
  21 0.357736 487.74 295.279
  22 0.375187 362.11 292.413
  23 0.392637 722 293.57
  24 0.410088 722 292.671
  25 0.427539 485.94 287.808
  26 0.444989 578.67 289.889
  27 0.46244 379.39 290.31
  28 0.47989 722 290.64
  29 0.497341 722 294.484
  30 0.514791 456.55 293.311
  31 0.532242 597.62 292.901
  32 0.549692 389.83 300.538
  33 0.567143 722 290.404
  34 0.584594 722 291.127
  35 0.602044 429.72 289.46
  36 0.619495 611.58 291.131
  37 0.636945 402.7 292.513
  38 0.654396 722 289.803
  39 0.671846 722 287.968
  40 0.689297 409.54 291.063
  41 0.706747 613.28 289.927
  42 0.724198 421.18 291.415
  43 0.741649 722 289.671
  44 0.759099 722 285.853
  45 0.77655 393.76 291.281
  46 0.794 605.59 291.144
  47 0.811451 444.65 290.897
  48 0.828901 722 291.717
  49 0.846352 722 288.576
  50 0.863802 379.43 289.853
  51 0.881253 593.12 287.949
  52 0.898704 471.45 290.853
  53 0.916154 722 289.306
  54 0.933605 722 289.404
  55 0.951055 361 290.35
  56 0.968506 361 0.0283984
  57 0.985956 722 121.364
  58 1.00341 0 0
640000 58 33660
  1 0.00872528 800 0.00250525
  2 0.0261758 400 0.00105723
  3 0.0436264 800 310.805
  4 0.0610769 800 310.149
  5 0.0785275 799.98 310.266
  6 0.095978 400.02 309.073
  7 0.113429 400 308.933
  8 0.130879 800 311.492
  9 0.14833 800 309.346
  10 0.16578 800 310.432
  11 0.183231 448.45 311.562
  12 0.200681 751.24 309.394
  13 0.218132 400.31 309.015
  14 0.235582 800 310.551
  15 0.253033 800 309.368
  16 0.270484 794.38 311.301
  17 0.287934 399.11 310.371
  18 0.305385 412.19 308.295
  19 0.322835 394.32 310.617
  20 0.340286 592.03 294.766
  21 0.357736 489.68 290.077
  22 0.375187 362.29 295.572
  23 0.392637 722 291.179
  24 0.410088 722 291.304
  25 0.427539 485.38 291.481
  26 0.444989 576.63 292.609
  27 0.46244 381.99 290.998
  28 0.47989 722 290.551
  29 0.497341 722 291.702
  30 0.514791 456.48 290.392
  31 0.532242 595.51 290.533
  32 0.549692 392.01 292.649
  33 0.567143 722 288.33
  34 0.584594 722 290.321
  35 0.602044 430.29 289.474
  36 0.619495 608.51 289.788
  37 0.636945 405.2 288.058
  38 0.654396 722 289.685
  39 0.671846 722 291.982
  40 0.689297 409.4 293.091
  41 0.706747 609 295.733
  42 0.724198 425.6 293.944
  43 0.741649 722 291.633
  44 0.759099 722 292.459
  45 0.77655 390.5 289.798
  46 0.794 604.83 290.959
  47 0.811451 448.67 289.46
  48 0.828901 722 290.67
  49 0.846352 722 288.79
  50 0.863802 379.49 290.253
  51 0.881253 589.56 289.323
  52 0.898704 474.95 289.231
  53 0.916154 722 288.83
  54 0.933605 722 289.614
  55 0.951055 361 287.465
  56 0.968506 361 0.0283984
  57 0.985956 722 125.183
  58 1.00341 0 0
680000 58 33660
  1 0.00872528 800 0.00277984
  2 0.0261758 400 0.00105723
  3 0.0436264 800 308.544
  4 0.0610769 800 310.287
  5 0.0785275 799.99 308.962
  6 0.095978 400.01 307.302
  7 0.113429 400 312.086
  8 0.130879 800 310.166
  9 0.14833 800 310.065
  10 0.16578 800 309.34
  11 0.183231 451.05 311.16
  12 0.200681 748.82 311.828
  13 0.218132 400.13 311.419
  14 0.235582 800 310.467
  15 0.253033 800 310.776
  16 0.270484 794.96 307.441
  17 0.287934 399.03 309.109
  18 0.305385 411.73 309.682
  19 0.322835 394.28 305.459
  20 0.340286 598.91 299.874
  21 0.357736 483.22 294.779
  22 0.375187 361.87 295.853
  23 0.392637 722 297.419
  24 0.410088 722 297.285
  25 0.427539 491.72 291.197
  26 0.444989 573.81 289.999
  27 0.46244 378.47 289.27
  28 0.47989 722 285.115
  29 0.497341 722 287.801
  30 0.514791 459.79 290.647
  31 0.532242 595.57 290.416
  32 0.549692 388.64 286.288
  33 0.567143 722 286.766
  34 0.584594 722 290.112
  35 0.602044 433 291.294
  36 0.619495 608.81 289.066
  37 0.636945 402.19 290.985
  38 0.654396 722 293.853
  39 0.671846 722 289.617
  40 0.689297 411.98 293.694
  41 0.706747 610.9 294.909
  42 0.724198 421.12 289.02
  43 0.741649 722 292.213
  44 0.759099 722 290.259
  45 0.77655 394.81 288.706
  46 0.794 604.38 291.619
  47 0.811451 444.81 289.386
  48 0.828901 722 290.504
  49 0.846352 722 290.686
  50 0.863802 380.77 290.382
  51 0.881253 590.44 289.207
  52 0.898704 472.79 289.839
  53 0.916154 722 291.108
  54 0.933605 722 289.182
  55 0.951055 361 276.753
  56 0.968506 361 0.0283984
  57 0.985956 722 124.081
  58 1.00341 0 0
720000 58 33660
  1 0.00872528 800 0.00275311
  2 0.0261758 400 0.00105723
  3 0.0436264 800 308.873
  4 0.0610769 800 309.914
  5 0.0785275 799.99 310.54
  6 0.095978 400.01 309.487
  7 0.113429 400.02 312.381
  8 0.130879 799.98 309.875
  9 0.14833 800 308.994
  10 0.16578 800 309.873
  11 0.183231 447.27 309.556
  12 0.200681 752.6 309.904
  13 0.218132 400.13 310.123
  14 0.235582 800 311.591
  15 0.253033 800 312.607
  16 0.270484 794.39 308.671
  17 0.287934 399.08 311.462
  18 0.305385 412.05 310.795
  19 0.322835 394.48 313.653
  20 0.340286 592.78 299.272
  21 0.357736 489.25 298.417
  22 0.375187 361.97 297.343
  23 0.392637 722 293.685
  24 0.410088 722 294.184
  25 0.427539 484.83 292.326
  26 0.444989 580.32 289.547
  27 0.46244 378.85 289.971
  28 0.47989 722 288.162
  29 0.497341 722 289.24
  30 0.514791 456.06 291.316
  31 0.532242 598 290.061
  32 0.549692 389.94 286.917
  33 0.567143 722 289.719
  34 0.584594 722 294.217
  35 0.602044 429.62 290.543
  36 0.619495 609.92 292.716
  37 0.636945 404.46 288.265
  38 0.654396 722 285.139
  39 0.671846 722 288.61
  40 0.689297 409.54 287.411
  41 0.706747 612.38 285.675
  42 0.724198 422.08 286.501
  43 0.741649 722 285.713
  44 0.759099 722 288.64
  45 0.77655 395.1 289.557
  46 0.794 603.78 289.944
  47 0.811451 445.12 287.884
  48 0.828901 722 289.37
  49 0.846352 722 290.677
  50 0.863802 381.21 287.932
  51 0.881253 592.29 289.62
  52 0.898704 470.5 289.56
  53 0.916154 722 289.104
  54 0.933605 722 288.409
  55 0.951055 361 293.395
  56 0.968506 361 0.0283984
  57 0.985956 722 127.179
  58 1.00341 0 0
760000 58 33660
  1 0.00872528 800 0.00293565
  2 0.0261758 400 0.00105723
  3 0.0436264 800 308.181
  4 0.0610769 800 309.882
  5 0.0785275 800 309.724
  6 0.095978 400 306.055
  7 0.113429 400 307.584
  8 0.130879 800 312.041
  9 0.14833 800 310.173
  10 0.16578 800 308.825
  11 0.183231 447.39 311.198
  12 0.200681 752.41 311.228
  13 0.218132 400.2 308.647
  14 0.235582 800 310.404
  15 0.253033 800 312.39
  16 0.270484 794.89 309.992
  17 0.287934 398.4 310.199
  18 0.305385 412.5 311.116
  19 0.322835 394.21 306.868
  20 0.340286 591.71 294.322
  21 0.357736 490.15 295.266
  22 0.375187 362.14 286.667
  23 0.392637 722 290.033
  24 0.410088 722 292.278
  25 0.427539 484.19 287.156
  26 0.444989 579.3 286.833
  27 0.46244 380.51 285.554
  28 0.47989 722 292.29
  29 0.497341 722 289.133
  30 0.514791 453.25 288.131
  31 0.532242 599.95 288.263
  32 0.549692 390.8 284.17
  33 0.567143 722 289.165
  34 0.584594 722 285.939
  35 0.602044 429.23 291.362
  36 0.619495 609.28 291.003
  37 0.636945 405.49 281.423
  38 0.654396 722 290.568
  39 0.671846 722 289.507
  40 0.689297 409.07 290.528
  41 0.706747 610.93 290.443
  42 0.724198 424 287.793
  43 0.741649 722 286.333
  44 0.759099 722 284.222
  45 0.77655 393.21 288.974
  46 0.794 602.63 289.529
  47 0.811451 448.16 289.418
  48 0.828901 722 290.211
  49 0.846352 722 291.262
  50 0.863802 379.26 288.877
  51 0.881253 594.25 289.21
  52 0.898704 470.49 291.271
  53 0.916154 722 289.874
  54 0.933605 722 290.544
  55 0.951055 361 292.379
  56 0.968506 361 0.0283984
  57 0.985956 722 128.387
  58 1.00341 0 0
800000 58 33660
  1 0.00872528 800 0.00306155
  2 0.0261758 400 0.00105723
  3 0.0436264 800 310.046
  4 0.0610769 800 311.46
  5 0.0785275 799.99 309.378
  6 0.095978 400.01 311.964
  7 0.113429 400.01 309.754
  8 0.130879 799.99 310.976
  9 0.14833 800 308.794
  10 0.16578 800 309.368
  11 0.183231 451.27 311.536
  12 0.200681 748.52 310.372
  13 0.218132 400.21 309.529
  14 0.235582 800 308.285
  15 0.253033 800 309.781
  16 0.270484 794.49 309.637
  17 0.287934 398.91 310.478
  18 0.305385 412.98 309.543
  19 0.322835 393.62 307.796
  20 0.340286 595.24 290.526
  21 0.357736 486.76 287.278
  22 0.375187 362 290.657
  23 0.392637 722 287.533
  24 0.410088 722 293.939
  25 0.427539 488.86 286.28
  26 0.444989 576.33 287.519
  27 0.46244 378.81 283.844
  28 0.47989 722 285.855
  29 0.497341 722 291.221
  30 0.514791 461.39 291.873
  31 0.532242 593.49 288.998
  32 0.549692 389.12 288.908
  33 0.567143 722 288.087
  34 0.584594 722 289.832
  35 0.602044 434 288.09
  36 0.619495 606.38 289.695
  37 0.636945 403.62 291.013
  38 0.654396 722 290.743
  39 0.671846 722 292.009
  40 0.689297 412.3 287.018
  41 0.706747 610.21 289.045
  42 0.724198 421.49 283.445
  43 0.741649 722 288.629
  44 0.759099 722 285.549
  45 0.77655 395.5 289.047
  46 0.794 602.75 288.476
  47 0.811451 445.75 289.926
  48 0.828901 722 289.987
  49 0.846352 722 290.331
  50 0.863802 380.98 290.041
  51 0.881253 591.41 288.655
  52 0.898704 471.61 288.534
  53 0.916154 722 289.645
  54 0.933605 722 290.504
  55 0.951055 361 284.572
  56 0.968506 361 0.0283984
  57 0.985956 722 127.502
  58 1.00341 0 0
