# Chunk-averaged data for fix favg and group all
# Timestep Number-of-chunks Total-count
# Chunk Coord1 Ncount temp
40000 58 33660
  1 0.00872528 800 0.00230699
  2 0.0261758 400 0.00105723
  3 0.0436264 800 311.316
  4 0.0610769 800 309.257
  5 0.0785275 799.98 310.86
  6 0.095978 400.02 309.267
  7 0.113429 400.01 311.89
  8 0.130879 799.99 309.655
  9 0.14833 800 311.243
  10 0.16578 800 308.261
  11 0.183231 448.56 308.545
  12 0.200681 751.25 308.66
  13 0.218132 400.19 312.23
  14 0.235582 800 309.138
  15 0.253033 800 309.004
  16 0.270484 794.59 308.264
  17 0.287934 399.02 304.499
  18 0.305385 412.49 307.64
  19 0.322835 393.9 308.642
  20 0.340286 594.84 289.733
  21 0.357736 487.04 291.094
  22 0.375187 362.12 289.563
  23 0.392637 722 286.845
  24 0.410088 722 289.866
  25 0.427539 489 289.67
  26 0.444989 576.52 289.443
  27 0.46244 378.48 286.834
  28 0.47989 722 289.242
  29 0.497341 722 288.314
  30 0.514791 457.87 288.42
  31 0.532242 595.83 290.673
  32 0.549692 390.3 284.831
  33 0.567143 722 286.525
  34 0.584594 722 291.603
  35 0.602044 430.91 293.313
  36 0.619495 607.5 290.518
  37 0.636945 405.59 287.785
  38 0.654396 722 290.285
  39 0.671846 722 291.871
  40 0.689297 409.35 291.637
  41 0.706747 610.36 293.237
  42 0.724198 424.29 289.533
  43 0.741649 722 291.506
  44 0.759099 722 293.245
  45 0.77655 392.01 291.22
  46 0.794 602.83 289.801
  47 0.811451 449.16 290.167
  48 0.828901 722 289.4
  49 0.846352 722 291.365
  50 0.863802 379.69 290.055
  51 0.881253 591.38 290.942
  52 0.898704 472.93 291.693
  53 0.916154 722 290.822
  54 0.933605 722 291.218
  55 0.951055 361 300.923
  56 0.968506 361 0.0283984
  57 0.985956 722 78.5487
  58 1.00341 0 0
80000 58 33660.00000000001
  1 0.00872528 800 0.00249209
  2 0.0261758 400 0.00105723
  3 0.0436264 800 311.149
  4 0.0610769 800 311.354
  5 0.0785275 799.98 309.143
  6 0.095978 400.02 309.283
  7 0.113429 400 310.403
  8 0.130879 800 310.216
  9 0.14833 800 310.569
  10 0.16578 800 308.329
  11 0.183231 450.2 311.048
  12 0.200681 749.64 310.748
  13 0.218132 400.16 308.475
  14 0.235582 800 310.434
  15 0.253033 800 308.992
  16 0.270484 794.29 310.909
  17 0.287934 399.17 312.036
  18 0.305385 412.3 312.712
  19 0.322835 394.24 311.217
  20 0.340286 595.44 291.129
  21 0.357736 486.72 292.575
  22 0.375187 361.84 289.541
  23 0.392637 722 288.756
  24 0.410088 722 287.179
  25 0.427539 488.6 288.151
  26 0.444989 576.64 291.355
  27 0.46244 378.76 294.522
  28 0.47989 722 290.286
  29 0.497341 722 290.235
  30 0.514791 459.25 291.505
  31 0.532242 596.25 291.051
  32 0.549692 388.5 283.625
  33 0.567143 722 291.623
  34 0.584594 722 289.623
  35 0.602044 432.79 289.258
  36 0.619495 608.28 290.285
  37 0.636945 402.93 292.52
  38 0.654396 722 290.884
  39 0.671846 722 291.534
  40 0.689297 410.84 291.753
  41 0.706747 611.89 290.018
  42 0.724198 421.27 294.226
  43 0.741649 722 286.206
  44 0.759099 722 286.832
  45 0.77655 394.77 290.536
  46 0.794 605.15 289.675
  47 0.811451 444.08 291.311
  48 0.828901 722 290.286
  49 0.846352 722 292.281
  50 0.863802 381.08 290.519
  51 0.881253 591.15 290.382
  52 0.898704 471.77 290.077
  53 0.916154 722 289.897
  54 0.933605 722 290.347
  55 0.951055 361 287.548
  56 0.968506 361 0.0283984
  57 0.985956 722 84.0414
  58 1.00341 0 0
120000 58 33660
  1 0.00872528 800 0.00258028
  2 0.0261758 400 0.00105723
  3 0.0436264 800 310.011
  4 0.0610769 800 309.926
  5 0.0785275 799.99 310.151
  6 0.095978 400.01 312.962
  7 0.113429 400.02 309.84
  8 0.130879 799.98 308.869
  9 0.14833 800 308.999
  10 0.16578 800 309.265
  11 0.183231 446.45 309.55
  12 0.200681 753.4 308.44
  13 0.218132 400.15 308.937
  14 0.235582 800 308.661
  15 0.253033 800 309.874
  16 0.270484 794.62 310.362
  17 0.287934 398.77 312.048
  18 0.305385 412.58 309.883
  19 0.322835 394.03 310.639
  20 0.340286 590.07 286.941
  21 0.357736 491.57 281.685
  22 0.375187 362.36 280.24
  23 0.392637 722 291.239
  24 0.410088 722 292.083
  25 0.427539 481.94 290.635
  26 0.444989 581.11 291.251
  27 0.46244 380.95 289.748
  28 0.47989 722 287.229
  29 0.497341 722 287.099
  30 0.514791 453.77 286.202
  31 0.532242 599.44 287.463
  32 0.549692 390.79 284.987
  33 0.567143 722 288.166
  34 0.584594 722 286.216
  35 0.602044 428.48 292.694
  36 0.619495 609.04 291.203
  37 0.636945 406.48 289.303
  38 0.654396 722 289.155
  39 0.671846 722 293.003
  40 0.689297 408.67 288.921
  41 0.706747 611.61 285.882
  42 0.724198 423.72 286.351
  43 0.741649 722 289.524
  44 0.759099 722 293.983
  45 0.77655 390.36 289.291
  46 0.794 604.82 291.199
  47 0.811451 448.82 291.255
  48 0.828901 722 289.868
  49 0.846352 722 286.803
  50 0.863802 380.14 290.742
  51 0.881253 590.7 288.634
  52 0.898704 473.16 289.893
  53 0.916154 722 288.065
  54 0.933605 722 291.065
  55 0.951055 361 285.252
  56 0.968506 361 0.0283984
  57 0.985956 722 87.4817
  58 1.00341 0 0
160000 58 33660.00000000001
  1 0.00872528 800 0.00266474
  2 0.0261758 400 0.00105723
  3 0.0436264 800 311.541
  4 0.0610769 800 311.783
  5 0.0785275 799.99 308.4
  6 0.095978 400.01 309.839
  7 0.113429 400.01 311.764
  8 0.130879 799.99 310.415
  9 0.14833 800 310.169
  10 0.16578 800 310.579
  11 0.183231 449.86 310.885
  12 0.200681 749.96 308.521
  13 0.218132 400.18 308.853
  14 0.235582 800 310.972
  15 0.253033 800 309.887
  16 0.270484 794.57 311.238
  17 0.287934 399.28 309.423
  18 0.305385 412.5 308.797
  19 0.322835 393.65 309.121
  20 0.340286 595.36 292.481
  21 0.357736 486.35 292.41
  22 0.375187 362.29 292.849
  23 0.392637 722 292.954
  24 0.410088 722 298.252
  25 0.427539 489.3 290.855
  26 0.444989 574.67 292.139
  27 0.46244 380.03 284.671
  28 0.47989 722 290.101
  29 0.497341 722 290.378
  30 0.514791 456.71 289.129
  31 0.532242 596.56 289.277
  32 0.549692 390.73 285.03
  33 0.567143 722 293.061
  34 0.584594 722 287.964
  35 0.602044 432.7 288.1
  36 0.619495 606.5 288.431
  37 0.636945 404.8 287.03
  38 0.654396 722 286.147
  39 0.671846 722 290.489
  40 0.689297 409.99 290.372
  41 0.706747 608.31 292.075
  42 0.724198 425.7 292.21
  43 0.741649 722 289.492
  44 0.759099 722 288.126
  45 0.77655 392.11 292.976
  46 0.794 602.33 291.637
  47 0.811451 449.56 289.657
  48 0.828901 722 289.842
  49 0.846352 722 290.834
  50 0.863802 378.84 288.7
  51 0.881253 593.53 290.095
  52 0.898704 471.63 291.518
  53 0.916154 722 290.191
  54 0.933605 722 290.305
  55 0.951055 361 289.683
  56 0.968506 361 0.0283984
  57 0.985956 722 92.6868
  58 1.00341 0 0
200000 58 33660
  1 0.00872528 800 0.00258355
  2 0.0261758 400 0.00105723
  3 0.0436264 800 311.602
  4 0.0610769 800 310.392
  5 0.0785275 800 310.199
  6 0.095978 400 310.699
  7 0.113429 400.01 308.45
  8 0.130879 799.99 310.659
  9 0.14833 800 311.033
  10 0.16578 800 310.192
  11 0.183231 450.03 309.663
  12 0.200681 749.81 309.643
  13 0.218132 400.16 310.395
  14 0.235582 800 310.083
  15 0.253033 800 310.707
  16 0.270484 794.67 308.556
  17 0.287934 398.83 309.788
  18 0.305385 412.08 310.443
  19 0.322835 394.42 310.624
  20 0.340286 594.47 289.257
  21 0.357736 487.4 289.541
  22 0.375187 362.13 290.478
  23 0.392637 722 288.102
  24 0.410088 722 289.911
  25 0.427539 489.89 293.72
  26 0.444989 574.85 293.799
  27 0.46244 379.26 288.488
  28 0.47989 722 289.451
  29 0.497341 722 292.394
  30 0.514791 458.82 295.555
  31 0.532242 595.98 294.882
  32 0.549692 389.2 289.916
  33 0.567143 722 293.773
  34 0.584594 722 290.486
  35 0.602044 431.7 290.517
  36 0.619495 608.55 289.377
  37 0.636945 403.75 290.267
  38 0.654396 722 291.564
  39 0.671846 722 291.408
  40 0.689297 410.94 289.084
  41 0.706747 609.45 291.732
  42 0.724198 423.61 290.018
  43 0.741649 722 291.627
  44 0.759099 722 291.468
  45 0.77655 393.83 291.006
  46 0.794 604.08 288.697
  47 0.811451 446.09 291.155
  48 0.828901 722 290.255
  49 0.846352 722 289.907
  50 0.863802 380.01 289.461
  51 0.881253 592.19 290.187
  52 0.898704 471.8 289.866
  53 0.916154 722 289.335
  54 0.933605 722 292.55
  55 0.951055 361 285.626
  56 0.968506 361 0.0283984
  57 0.985956 722 95.5438
  58 1.00341 0 0
240000 58 33659.99999999999
  1 0.00872528 800 0.00259899
  2 0.0261758 400 0.00105723
  3 0.0436264 800 310.481
  4 0.0610769 800 309.759
  5 0.0785275 799.96 309.813
  6 0.095978 400.04 308.586
  7 0.113429 400.02 312.345
  8 0.130879 799.98 309.202
  9 0.14833 800 308.348
  10 0.16578 800 308.118
  11 0.183231 452.3 309.179
  12 0.200681 747.53 309.729
  13 0.218132 400.17 307.628
  14 0.235582 800 308.992
  15 0.253033 800 308.563
  16 0.270484 794.82 306.982
  17 0.287934 398.74 309.568
  18 0.305385 413.01 309.335
  19 0.322835 393.43 309.395
  20 0.340286 598.26 293.517
  21 0.357736 483.75 293.319
  22 0.375187 361.99 295.464
  23 0.392637 722 292.058
  24 0.410088 722 294.558
  25 0.427539 492.65 290.401
  26 0.444989 572.2 291.516
  27 0.46244 379.15 289.249
  28 0.47989 722 293.419
  29 0.497341 722 291.784
  30 0.514791 462.3 292.719
  31 0.532242 592.76 294.178
  32 0.549692 388.94 289.164
  33 0.567143 722 287.125
  34 0.584594 722 284.665
  35 0.602044 434.15 290.744
  36 0.619495 606.6 288.784
  37 0.636945 403.25 286.7
  38 0.654396 722 291.736
  39 0.671846 722 290.828
  40 0.689297 411.35 291.637
  41 0.706747 610.89 293.546
  42 0.724198 421.76 297.937
  43 0.741649 722 294.688
  44 0.759099 722 290.821
  45 0.77655 393.25 288.908
  46 0.794 606.01 289.485
  47 0.811451 444.74 291.383
  48 0.828901 722 290.08
  49 0.846352 722 289.657
  50 0.863802 379.64 289.691
  51 0.881253 591.65 288.808
  52 0.898704 472.71 291.933
  53 0.916154 722 289.886
  54 0.933605 722 289.216
  55 0.951055 361 292.796
  56 0.968506 361 0.0283984
  57 0.985956 722 99.684
  58 1.00341 0 0
280000 58 33660
  1 0.00872528 800 0.00251304
  2 0.0261758 400 0.00105723
  3 0.0436264 800 310.659
  4 0.0610769 800 311.119
  5 0.0785275 799.97 309.952
  6 0.095978 400.03 308.277
  7 0.113429 400 308.004
  8 0.130879 800 309.526
  9 0.14833 800 309.28
  10 0.16578 800 310.01
  11 0.183231 448.41 311.043
  12 0.200681 751.42 310.793
  13 0.218132 400.17 308.443
  14 0.235582 800 309.634
  15 0.253033 800 310.453
  16 0.270484 794.91 306.961
  17 0.287934 398.92 306.056
  18 0.305385 411.59 307.955
  19 0.322835 394.58 305.888
  20 0.340286 593.62 297.599
  21 0.357736 488.25 297.671
  22 0.375187 362.13 298.748
  23 0.392637 722 290.495
  24 0.410088 722 292.264
  25 0.427539 487.07 292.354
  26 0.444989 576.33 292.189
  27 0.46244 380.6 290.069
  28 0.47989 722 290.866
  29 0.497341 722 290.529
  30 0.514791 457.93 287.905
  31 0.532242 595.76 288.481
  32 0.549692 390.31 290.797
  33 0.567143 722 287.844
  34 0.584594 722 286.63
  35 0.602044 431.96 286.488
  36 0.619495 607.61 286.495
  37 0.636945 404.43 288.978
  38 0.654396 722 291.475
  39 0.671846 722 291.196
  40 0.689297 411.36 292.124
  41 0.706747 610.16 292.648
  42 0.724198 422.48 284.858
  43 0.741649 722 290.258
  44 0.759099 722 291.223
  45 0.77655 393.78 289.298
  46 0.794 605.34 289.426
  47 0.811451 444.88 291.71
  48 0.828901 722 289.473
  49 0.846352 722 290.44
  50 0.863802 380.1 293.588
  51 0.881253 593.03 292.427
  52 0.898704 470.87 289.067
  53 0.916154 722 289.342
  54 0.933605 722 290.541
  55 0.951055 361 288.884
  56 0.968506 361 0.0283984
  57 0.985956 722 104.617
  58 1.00341 0 0
320000 58 33660
  1 0.00872528 800 0.00260095
  2 0.0261758 400 0.00105723
  3 0.0436264 800 310.66
  4 0.0610769 800 308.55
  5 0.0785275 800 308.772
  6 0.095978 400 310.816
  7 0.113429 400.01 312.524
  8 0.130879 799.99 310.77
  9 0.14833 800 310.084
  10 0.16578 800 308.712
  11 0.183231 448.46 309.765
  12 0.200681 751.48 307.565
  13 0.218132 400.06 310.871
  14 0.235582 800 309.025
  15 0.253033 800 308.552
  16 0.270484 794.59 306.987
  17 0.287934 398.96 306.903
  18 0.305385 412.81 308.132
  19 0.322835 393.64 305.563
  20 0.340286 594.35 292.065
  21 0.357736 487.53 293.4
  22 0.375187 362.12 292.453
  23 0.392637 722 287.177
  24 0.410088 722 288.134
  25 0.427539 487.49 290.165
  26 0.444989 576.5 291.045
  27 0.46244 380.01 287.691
  28 0.47989 722 287.402
  29 0.497341 722 286.186
  30 0.514791 458.37 290.573
  31 0.532242 595.83 288.802
  32 0.549692 389.8 284.688
  33 0.567143 722 288.991
  34 0.584594 722 287.931
  35 0.602044 432.34 288.827
  36 0.619495 608.28 289.786
  37 0.636945 403.38 297.787
  38 0.654396 722 292.447
  39 0.671846 722 290.406
  40 0.689297 410.55 287.578
  41 0.706747 612.79 285.524
  42 0.724198 420.66 291.117
  43 0.741649 722 291.354
  44 0.759099 722 287.85
  45 0.77655 393.74 289.824
  46 0.794 606.69 288.376
  47 0.811451 443.57 288.813
  48 0.828901 722 290.507
  49 0.846352 722 290.57
  50 0.863802 380.46 291.185
  51 0.881253 592.16 291.015
  52 0.898704 471.38 291.216
  53 0.916154 722 290.093
  54 0.933605 722 287.622
  55 0.951055 361 289.57
  56 0.968506 361 0.0283984
  57 0.985956 722 106.447
  58 1.00341 0 0
360000 58 33660
  1 0.00872528 800 0.0029215
  2 0.0261758 400 0.00105723
  3 0.0436264 800 310.617
  4 0.0610769 800 310.181
  5 0.0785275 799.99 309.854
  6 0.095978 400.01 309.046
  7 0.113429 400.01 309.659
  8 0.130879 799.99 309.316
  9 0.14833 800 309.149
  10 0.16578 800 309.975
  11 0.183231 451.46 309.34
  12 0.200681 748.35 309.489
  13 0.218132 400.19 307.784
  14 0.235582 800 309.217
  15 0.253033 800 307.138
  16 0.270484 794.69 307.489
  17 0.287934 398.51 306.911
  18 0.305385 412.99 308.583
  19 0.322835 393.81 310.281
  20 0.340286 596.1 291.403
  21 0.357736 485.84 290.34
  22 0.375187 362.06 293.483
  23 0.392637 722 291.191
  24 0.410088 722 288.166
  25 0.427539 491.14 289.57
  26 0.444989 574.53 288.702
  27 0.46244 378.33 295.215
  28 0.47989 722 292.324
  29 0.497341 722 289.985
  30 0.514791 460.17 286.41
  31 0.532242 594.72 285.454
  32 0.549692 389.11 291.673
  33 0.567143 722 292.299
  34 0.584594 722 289.996
  35 0.602044 432.3 292.242
  36 0.619495 607.52 292.104
  37 0.636945 404.18 292.741
  38 0.654396 722 288.051
  39 0.671846 722 291.721
  40 0.689297 409.24 286.841
  41 0.706747 612.62 288.804
  42 0.724198 422.14 287.913
  43 0.741649 722 288.97
  44 0.759099 722 284.973
  45 0.77655 393.5 289.203
  46 0.794 602.47 288.499
  47 0.811451 448.03 288.634
  48 0.828901 722 289.716
  49 0.846352 722 291.338
  50 0.863802 379.25 291.455
  51 0.881253 591.66 291.623
  52 0.898704 473.09 289.495
  53 0.916154 722 290.891
  54 0.933605 722 289.99
  55 0.951055 361 293.505
  56 0.968506 361 0.0283984
  57 0.985956 722 108.142
  58 1.00341 0 0
400000 58 33660
  1 0.00872528 800 0.00297108
  2 0.0261758 400 0.00105723
  3 0.0436264 800 312.775
  4 0.0610769 800 309.419
  5 0.0785275 799.99 308.749
  6 0.095978 400.01 310.965
  7 0.113429 400.01 309.553
  8 0.130879 799.99 312.101
  9 0.14833 800 309.411
  10 0.16578 800 308.615
  11 0.183231 449.22 312.417
  12 0.200681 750.63 309.416
  13 0.218132 400.15 310.86
  14 0.235582 800 310.215
  15 0.253033 800 309.067
  16 0.270484 794.88 308.922
  17 0.287934 398.82 311.638
  18 0.305385 411.83 310.131
  19 0.322835 394.47 311.846
  20 0.340286 596.35 296.87
  21 0.357736 485.43 292.878
  22 0.375187 362.22 289.453
  23 0.392637 722 292.09
  24 0.410088 722 291.293
  25 0.427539 493.5 291.376
  26 0.444989 570.24 291.904
  27 0.46244 380.26 292.168
  28 0.47989 722 293.022
  29 0.497341 722 291.07
  30 0.514791 460.84 291.723
  31 0.532242 593.13 293.216
  32 0.549692 390.03 295.889
  33 0.567143 722 292.396
  34 0.584594 722 289.409
  35 0.602044 434.75 293.672
  36 0.619495 603.93 296.459
  37 0.636945 405.32 291.853
  38 0.654396 722 288.732
  39 0.671846 722 290.35
  40 0.689297 414.31 292.504
  41 0.706747 608.46 290.225
  42 0.724198 421.23 296.546
  43 0.741649 722 291.017
  44 0.759099 722 290.193
  45 0.77655 395.02 289.209
  46 0.794 605.56 288.637
  47 0.811451 443.42 292.33
  48 0.828901 722 289.078
  49 0.846352 722 290.402
  50 0.863802 381.09 292.069
  51 0.881253 592 290.663
  52 0.898704 470.91 288.103
  53 0.916154 722 289.109
  54 0.933605 722 290.294
  55 0.951055 361 286.449
  56 0.968506 361 0.0283984
  57 0.985956 722 111.665
  58 1.00341 0 0
440000 58 33660
  1 0.00872528 800 0.0029641
  2 0.0261758 400 0.00105723
  3 0.0436264 800 309.049
  4 0.0610769 800 310.285
  5 0.0785275 799.99 308.714
  6 0.095978 400.01 310.142
  7 0.113429 400 309.975
  8 0.130879 800 309.19
  9 0.14833 800 310.032
  10 0.16578 800 310.707
  11 0.183231 452.24 310.245
  12 0.200681 747.53 310.297
  13 0.218132 400.23 309.448
  14 0.235582 800 310.041
  15 0.253033 800 311.828
  16 0.270484 794.71 308.135
  17 0.287934 398.82 314.41
  18 0.305385 412.45 311.618
  19 0.322835 394.02 312.843
  20 0.340286 597.74 289.173
  21 0.357736 484.31 291.476
  22 0.375187 361.95 292.347
  23 0.392637 722 290.936
  24 0.410088 722 292.826
  25 0.427539 492.08 289.597
  26 0.444989 572.92 288.069
  27 0.46244 379 289.869
  28 0.47989 722 293.243
  29 0.497341 722 287.857
  30 0.514791 459.76 294.125
  31 0.532242 595.52 292.174
  32 0.549692 388.72 290.224
  33 0.567143 722 288.79
  34 0.584594 722 288.996
  35 0.602044 434.6 292.717
  36 0.619495 607.94 294.362
  37 0.636945 401.46 291.887
  38 0.654396 722 289.065
  39 0.671846 722 291.881
  40 0.689297 411.82 290.578
  41 0.706747 611.71 291.606
  42 0.724198 420.47 292.949
  43 0.741649 722 291.059
  44 0.759099 722 288.14
  45 0.77655 395.02 291.226
  46 0.794 603.45 289.928
  47 0.811451 445.53 289.599
  48 0.828901 722 289.718
  49 0.846352 722 289.42
  50 0.863802 379.84 290.504
  51 0.881253 592.54 290.215
  52 0.898704 471.62 290.049
  53 0.916154 722 289.804
  54 0.933605 722 288.169
  55 0.951055 361 290.053
  56 0.968506 361 0.0283984
  57 0.985956 722 115.068
  58 1.00341 0 0
480000 58 33660
  1 0.00872528 800 0.00289184
  2 0.0261758 400 0.00105723
  3 0.0436264 800 308.204
  4 0.0610769 800 308.2
  5 0.0785275 800 310.07
  6 0.095978 400 310.586
  7 0.113429 400 310.608
  8 0.130879 800 308.269
  9 0.14833 800 308.621
  10 0.16578 800 310.527
  11 0.183231 451.45 310.659
  12 0.200681 748.41 309.132
  13 0.218132 400.14 311.128
  14 0.235582 800 309.803
  15 0.253033 800 309.436
  16 0.270484 794.32 310.429
  17 0.287934 399.04 308.434
  18 0.305385 413.21 308.787
  19 0.322835 393.43 310.702
  20 0.340286 598.42 288.041
  21 0.357736 483.67 290.684
  22 0.375187 361.91 299.804
  23 0.392637 722 290.688
  24 0.410088 722 293.459
  25 0.427539 491.38 293.4
  26 0.444989 572.85 292.166
  27 0.46244 379.77 288.953
  28 0.47989 722 286.605
  29 0.497341 722 290.629
  30 0.514791 461.12 291.571
  31 0.532242 593.49 291.787
  32 0.549692 389.39 293.924
  33 0.567143 722 292.476
  34 0.584594 722 288.603
  35 0.602044 436.23 296.407
  36 0.619495 604.47 294.26
  37 0.636945 403.3 286.463
  38 0.654396 722 294.962
  39 0.671846 722 290.164
  40 0.689297 412.85 294.551
  41 0.706747 608.37 293.817
  42 0.724198 422.78 288.655
  43 0.741649 722 292.601
  44 0.759099 722 287.862
  45 0.77655 394.16 290.51
  46 0.794 605.29 290.593
  47 0.811451 444.55 292.027
  48 0.828901 722 288.879
  49 0.846352 722 290.098
  50 0.863802 380.59 291.371
  51 0.881253 592.89 288.266
  52 0.898704 470.52 291.55
  53 0.916154 722 290.213
  54 0.933605 722 291.158
  55 0.951055 361 290.142
  56 0.968506 361 0.0283984
  57 0.985956 722 117.479
  58 1.00341 0 0
520000 58 33660
  1 0.00872528 800 0.00289831
  2 0.0261758 400 0.00105723
  3 0.0436264 800 308.596
  4 0.0610769 800 309.77
  5 0.0785275 799.99 310.4
  6 0.095978 400.01 311.418
  7 0.113429 400 311.134
  8 0.130879 800 311.095
  9 0.14833 800 309
  10 0.16578 800 310.204
  11 0.183231 449.43 311.021
  12 0.200681 750.37 308.647
  13 0.218132 400.2 311.221
  14 0.235582 800 311.494
  15 0.253033 800 312.03
  16 0.270484 794.61 309.913
  17 0.287934 398.8 311.014
  18 0.305385 413.21 311.753
  19 0.322835 393.38 308.894
  20 0.340286 595.87 297.565
  21 0.357736 486.4 295.54
  22 0.375187 361.73 297.794
  23 0.392637 722 289.561
  24 0.410088 722 292.305
  25 0.427539 487.42 294.429
  26 0.444989 578.52 294.902
  27 0.46244 378.06 289.961
  28 0.47989 722 293.767
  29 0.497341 722 289.368
  30 0.514791 457.37 292.617
  31 0.532242 599.5 292.164
  32 0.549692 387.13 293.761
  33 0.567143 722 290.307
  34 0.584594 722 289.856
  35 0.602044 430.76 288.64
  36 0.619495 612.05 286.918
  37 0.636945 401.19 288.83
  38 0.654396 722 283.692
  39 0.671846 722 285.736
  40 0.689297 411.08 289.061
  41 0.706747 613.3 288.555
  42 0.724198 419.62 286.257
  43 0.741649 722 290.263
  44 0.759099 722 290.293
  45 0.77655 394.4 286.841
  46 0.794 605.02 290.214
  47 0.811451 444.58 288.518
  48 0.828901 722 287.824
  49 0.846352 722 288.989
  50 0.863802 380.41 288.919
  51 0.881253 591.76 291.134
  52 0.898704 471.83 288.221
  53 0.916154 722 290.458
  54 0.933605 722 289.802
  55 0.951055 361 289.449
  56 0.968506 361 0.0283984
  57 0.985956 722 116.811
  58 1.00341 0 0
560000 58 33659.99999999999
  1 0.00872528 800 0.00286638
  2 0.0261758 400 0.00105723
  3 0.0436264 800 308.868
  4 0.0610769 800 309.146
  5 0.0785275 799.98 309.335
  6 0.095978 400.02 309.473
  7 0.113429 400 307.494
  8 0.130879 800 310.606
  9 0.14833 800 310.119
  10 0.16578 800 310.334
  11 0.183231 449.56 311.153
  12 0.200681 750.37 310.748
  13 0.218132 400.07 310.568
  14 0.235582 800 309.068
  15 0.253033 800 306.806
  16 0.270484 794.52 307.509
  17 0.287934 399.27 307.547
  18 0.305385 412.32 307.185
  19 0.322835 393.89 304.683
  20 0.340286 600.04 294.046
  21 0.357736 481.99 295.625
  22 0.375187 361.97 289.69
  23 0.392637 722 288.468
  24 0.410088 722 295.874
  25 0.427539 492.9 296.002
  26 0.444989 573.07 291.41
  27 0.46244 378.03 297.032
  28 0.47989 722 293.143
  29 0.497341 722 294.664
  30 0.514791 460.23 292.399
  31 0.532242 595.76 292.724
  32 0.549692 388.01 296.274
  33 0.567143 722 290.744
  34 0.584594 722 293.932
  35 0.602044 433.18 290.037
  36 0.619495 608.21 290.325
  37 0.636945 402.61 291.127
  38 0.654396 722 289.803
  39 0.671846 722 290.438
  40 0.689297 411 291.194
  41 0.706747 609.37 291.263
  42 0.724198 423.63 285.629
  43 0.741649 722 288.961
  44 0.759099 722 289.565
  45 0.77655 393.93 292.297
  46 0.794 603.93 290.767
  47 0.811451 446.14 289.756
  48 0.828901 722 290.153
  49 0.846352 722 291.267
  50 0.863802 380.1 291.644
  51 0.881253 589.92 291.205
  52 0.898704 473.98 291.57
  53 0.916154 722 289.71
  54 0.933605 722 288.09
  55 0.951055 361 293.093
  56 0.968506 361 0.0283984
  57 0.985956 722 115.445
  58 1.00341 0 0
600000 58 33660
  1 0.00872528 800 0.00299183
  2 0.0261758 400 0.00105723
  3 0.0436264 800 311.971
  4 0.0610769 800 309.048
  5 0.0785275 799.98 308.642
  6 0.095978 400.02 312.248
  7 0.113429 400 308.846
  8 0.130879 800 309.543
  9 0.14833 800 310.106
  10 0.16578 800 309.709
  11 0.183231 448.7 312.026
  12 0.200681 751.17 310.066
  13 0.218132 400.13 310.495
  14 0.235582 800 308.101
  15 0.253033 800 310.38
  16 0.270484 794.18 308.786
  17 0.287934 399.04 307.904
  18 0.305385 413.4 310.733
  19 0.322835 393.38 308.672
  20 0.340286 597.45 297.748
  21 0.357736 484.58 298.083
  22 0.375187 361.97 305.991
  23 0.392637 722 289.913
  24 0.410088 722 294.988
  25 0.427539 490.79 296.336
  26 0.444989 575.36 295.125
  27 0.46244 377.85 291.681
  28 0.47989 722 294.457
  29 0.497341 722 296.112
  30 0.514791 457.66 292.996
  31 0.532242 597.14 294.741
  32 0.549692 389.2 292.524
  33 0.567143 722 290.846
  34 0.584594 722 295.99
  35 0.602044 430.26 292.836
  36 0.619495 610.58 293.994
  37 0.636945 403.16 289.75
  38 0.654396 722 292.253
  39 0.671846 722 287.969
  40 0.689297 410.49 291.227
  41 0.706747 613.08 292.287
  42 0.724198 420.43 291.323
  43 0.741649 722 293.876
  44 0.759099 722 289.761
  45 0.77655 392.37 290.681
  46 0.794 606.3 288.453
  47 0.811451 445.33 290.677
  48 0.828901 722 291.117
  49 0.846352 722 291.805
  50 0.863802 380.74 288.068
  51 0.881253 592.23 291.19
  52 0.898704 471.03 289.607
  53 0.916154 722 289.088
  54 0.933605 722 288.833
  55 0.951055 361 281.282
  56 0.968506 361 0.0283984
  57 0.985956 722 117.439
  58 1.00341 0 0
640000 58 33660
  1 0.00872528 800 0.00296683
  2 0.0261758 400 0.00105723
  3 0.0436264 800 309.874
  4 0.0610769 800 309.789
  5 0.0785275 799.97 308.991
  6 0.095978 400.03 308.968
  7 0.113429 400 310.299
  8 0.130879 800 309.927
  9 0.14833 800 309.169
  10 0.16578 800 308.491
  11 0.183231 449.52 311.699
  12 0.200681 750.27 309.072
  13 0.218132 400.21 308.044
  14 0.235582 800 309.965
  15 0.253033 800 307.067
  16 0.270484 794.39 310.928
  17 0.287934 399 307.529
  18 0.305385 413 308.175
  19 0.322835 393.61 306.713
  20 0.340286 596.51 291.511
  21 0.357736 485.78 291.073
  22 0.375187 361.71 295.092
  23 0.392637 722 294.1
  24 0.410088 722 289.066
  25 0.427539 489.45 292.284
  26 0.444989 576.88 291.182
  27 0.46244 377.67 293.721
  28 0.47989 722 291.098
  29 0.497341 722 293.527
  30 0.514791 457.89 290.055
  31 0.532242 597.67 290.387
  32 0.549692 388.44 290.687
  33 0.567143 722 294.574
  34 0.584594 722 293.099
  35 0.602044 430.64 293.155
  36 0.619495 611 294.095
  37 0.636945 402.36 295.181
  38 0.654396 722 291.713
  39 0.671846 722 294.266
  40 0.689297 407.38 291.645
  41 0.706747 614.06 289.351
  42 0.724198 422.56 292.208
  43 0.741649 722 292.041
  44 0.759099 722 290.904
  45 0.77655 390.67 288.495
  46 0.794 605.23 288.571
  47 0.811451 448.1 288.206
  48 0.828901 722 290.367
  49 0.846352 722 289.747
  50 0.863802 379.42 291.898
  51 0.881253 591.61 290.951
  52 0.898704 472.97 289.472
  53 0.916154 722 290.701
  54 0.933605 722 290.162
  55 0.951055 361 295.534
  56 0.968506 361 0.0283984
  57 0.985956 722 118.557
  58 1.00341 0 0
680000 58 33660
  1 0.00872528 800 0.00318149
  2 0.0261758 400 0.00105723
  3 0.0436264 800 311.621
  4 0.0610769 800 309.754
  5 0.0785275 800 310.423
  6 0.095978 400 308.132
  7 0.113429 400 308.901
  8 0.130879 800 309.21
  9 0.14833 800 309.949
  10 0.16578 800 312.241
  11 0.183231 449.66 308.192
  12 0.200681 750.21 309.369
  13 0.218132 400.13 307.701
  14 0.235582 800 310.325
  15 0.253033 800 309.843
  16 0.270484 794.1 308.714
  17 0.287934 398.88 306.467
  18 0.305385 413.64 306.747
  19 0.322835 393.38 307.446
  20 0.340286 596.88 292.582
  21 0.357736 485.16 289.895
  22 0.375187 361.96 299.357
  23 0.392637 722 291.291
  24 0.410088 722 291.622
  25 0.427539 487.72 290.249
  26 0.444989 577.44 290.295
  27 0.46244 378.84 293.931
  28 0.47989 722 292.759
  29 0.497341 722 293.587
  30 0.514791 459.84 289.201
  31 0.532242 596.15 290.628
  32 0.549692 388.01 297.458
  33 0.567143 722 293.75
  34 0.584594 722 291.42
  35 0.602044 431.36 293.238
  36 0.619495 610.06 294.837
  37 0.636945 402.58 293.068
  38 0.654396 722 290.795
  39 0.671846 722 291.873
  40 0.689297 409.37 292.335
  41 0.706747 610.57 288.594
  42 0.724198 424.06 293.208
  43 0.741649 722 289.607
  44 0.759099 722 292.027
  45 0.77655 392.69 289.281
  46 0.794 604.37 290.973
  47 0.811451 446.94 291.779
  48 0.828901 722 289.885
  49 0.846352 722 288.786
  50 0.863802 379.59 291.515
  51 0.881253 588.62 292.25
  52 0.898704 475.79 290.543
  53 0.916154 722 290.629
  54 0.933605 722 288.827
  55 0.951055 361 287.473
  56 0.968506 361 0.0283984
  57 0.985956 722 122.194
  58 1.00341 0 0
720000 58 33660
  1 0.00872528 800 0.00326609
  2 0.0261758 400 0.00105723
  3 0.0436264 800 312.577
  4 0.0610769 800 311.026
  5 0.0785275 799.97 310.498
  6 0.095978 400.03 311.889
  7 0.113429 400.01 311.882
  8 0.130879 799.99 311.134
  9 0.14833 800 309.909
  10 0.16578 800 311.386
  11 0.183231 450.44 309.677
  12 0.200681 749.39 309.637
  13 0.218132 400.17 308.321
  14 0.235582 800 310.491
  15 0.253033 800 310.969
  16 0.270484 794.1 311.236
  17 0.287934 398.74 312.467
  18 0.305385 413.43 312.062
  19 0.322835 393.73 312.183
  20 0.340286 595.57 296.112
  21 0.357736 486.53 294.177
  22 0.375187 361.9 298.273
  23 0.392637 722 292.031
  24 0.410088 722 294.449
  25 0.427539 487.97 292.443
  26 0.444989 575.88 295.472
  27 0.46244 380.15 289.422
  28 0.47989 722 298.887
  29 0.497341 722 293.133
  30 0.514791 455.14 292.439
  31 0.532242 597.29 293.555
  32 0.549692 391.57 292.783
  33 0.567143 722 291.884
  34 0.584594 722 290.01
  35 0.602044 427.42 289.977
  36 0.619495 610.57 295.445
  37 0.636945 406.01 300.985
  38 0.654396 722 293.281
  39 0.671846 722 290.953
  40 0.689297 407.11 290.026
  41 0.706747 610.83 289.097
  42 0.724198 426.06 289.338
  43 0.741649 722 283.449
  44 0.759099 722 290.455
  45 0.77655 391.1 286.226
  46 0.794 603.79 291.599
  47 0.811451 449.11 289.582
  48 0.828901 722 288.346
  49 0.846352 722 288.849
  50 0.863802 379.07 288.388
  51 0.881253 589.72 290.408
  52 0.898704 475.21 289.391
  53 0.916154 722 290.605
  54 0.933605 722 289.657
  55 0.951055 361 284.187
  56 0.968506 361 0.0283984
  57 0.985956 722 124.016
  58 1.00341 0 0
760000 58 33660
  1 0.00872528 800 0.00372426
  2 0.0261758 400 0.00105723
  3 0.0436264 800 308.802
  4 0.0610769 800 308.758
  5 0.0785275 799.99 308.533
  6 0.095978 400.01 310.212
  7 0.113429 400.01 309.298
  8 0.130879 799.99 312.085
  9 0.14833 800 308.33
  10 0.16578 800 309.203
  11 0.183231 452.82 309.307
  12 0.200681 747.01 310.462
  13 0.218132 400.17 308.844
  14 0.235582 800 310.509
  15 0.253033 800 309.789
  16 0.270484 794.9 308.178
  17 0.287934 398.66 310.216
  18 0.305385 413.39 310.709
  19 0.322835 393.05 311.592
  20 0.340286 601.29 292.264
  21 0.357736 480.79 289.84
  22 0.375187 361.92 290.533
  23 0.392637 722 293.295
  24 0.410088 722 293.432
  25 0.427539 495.49 294.831
  26 0.444989 569.82 296.24
  27 0.46244 378.69 289.305
  28 0.47989 722 295.417
  29 0.497341 722 297.994
  30 0.514791 464.63 289.429
  31 0.532242 590.77 290.038
  32 0.549692 388.6 297.948
  33 0.567143 722 292.416
  34 0.584594 722 290.378
  35 0.602044 435.8 289.968
  36 0.619495 604.74 291.553
  37 0.636945 403.46 295.077
  38 0.654396 722 290.292
  39 0.671846 722 290.726
  40 0.689297 413.68 288.165
  41 0.706747 609.24 286.815
  42 0.724198 421.08 291.164
  43 0.741649 722 289.455
  44 0.759099 722 289.354
  45 0.77655 394.8 289.001
  46 0.794 604.54 288.795
  47 0.811451 444.66 290.628
  48 0.828901 722 291.124
  49 0.846352 722 291.355
  50 0.863802 380.58 291.019
  51 0.881253 592.71 290.161
  52 0.898704 470.71 291.268
  53 0.916154 722 289.95
  54 0.933605 722 290.082
  55 0.951055 361 286.712
  56 0.968506 361 0.0283984
  57 0.985956 722 124.105
  58 1.00341 0 0
800000 58 33660
  1 0.00872528 800 0.00363947
  2 0.0261758 400 0.00105723
  3 0.0436264 800 309.354
  4 0.0610769 800 310.901
  5 0.0785275 800 309.954
  6 0.095978 400 310.742
  7 0.113429 400 310.665
  8 0.130879 800 308.626
  9 0.14833 800 311.208
  10 0.16578 800 310.859
  11 0.183231 449.66 308.616
  12 0.200681 750.13 309.647
  13 0.218132 400.21 310.376
  14 0.235582 800 310.356
  15 0.253033 800 311.181
  16 0.270484 794.5 309.626
  17 0.287934 399.01 311.164
  18 0.305385 412.49 309.341
  19 0.322835 394 307.563
  20 0.340286 591.58 292.111
  21 0.357736 490.04 292.634
  22 0.375187 362.38 299.024
  23 0.392637 722 292.859
  24 0.410088 722 291.548
  25 0.427539 485.29 290.721
  26 0.444989 577.46 291.317
  27 0.46244 381.25 288.083
  28 0.47989 722 290.952
  29 0.497341 722 292.503
  30 0.514791 455.25 290.88
  31 0.532242 597.67 288.476
  32 0.549692 391.08 288.189
  33 0.567143 722 289.518
  34 0.584594 722 286.835
  35 0.602044 430.4 290.367
  36 0.619495 607.75 288.84
  37 0.636945 405.85 290.213
  38 0.654396 722 290.037
  39 0.671846 722 288.961
  40 0.689297 409.28 291.552
  41 0.706747 611.09 289.371
  42 0.724198 423.63 288.846
  43 0.741649 722 288.54
  44 0.759099 722 291.875
  45 0.77655 393.44 289.506
  46 0.794 605.2 289.249
  47 0.811451 445.36 289.378
  48 0.828901 722 290.524
  49 0.846352 722 289.632
  50 0.863802 380.2 287.08
  51 0.881253 590.23 288.531
  52 0.898704 473.57 288.95
  53 0.916154 722 288.895
  54 0.933605 722 289.248
  55 0.951055 361 286.791
  56 0.968506 361 0.0283984
  57 0.985956 722 123.54
  58 1.00341 0 0
